195 225 31 130 6 34 11 0 126 227 190 35 227 194 196 3 35 126 254 58 208 195 112 6 195 138 25 0 0 0 0 0 124 146 192 125 147 201 0 0
 58 231 56 183 194 235 20 201 221 42 6 56 221 233 0 0 195 3 56 217 225 35 229 217 201 49 160 56 62 11 205 148 29 42 1 56 54 32 62 7
 205 148 29 175 211 255 33 255 47 34 93 56 17 17 224 33 129 0 27 27 35 26 15 15 131 190 40 246 126 183 32 25 235 6 12 134 35 128 5
 32 250 174 211 255 50 9 56 195 16 224 43 55 36 36 51 44 0 17 161 49 33 176 0 1 5 0 237 176 17 16 50 33 181 0 1 25 0 237 176 6 3
 205 207 0 6 2 205 207 0 6 6 205 207 0 24 239 66 65 83 73 67 80 114 101 115 115 32 82 69 84 85 82 78 32 107 101 121 32 116 111 32
 115 116 97 114 116 0 33 0 52 112 35 124 254 56 32 249 33 0 64 205 128 30 254 13 40 26 254 3 40 6 43 124 181 32 240 201 62 11 205
 114 29 58 9 56 211 255 205 229 11 205 64 26 33 135 1 1 81 0 17 3 56 237 176 175 50 169 56 50 0 57 33 100 57 35 78 124 181 40 11
 169 119 70 47 119 126 47 113 184 40 239 43 17 44 58 231 218 183 11 17 206 255 34 173 56 25 34 75 56 205 190 11 205 242 31 49 101
 56 205 229 11 33 5 32 17 130 0 26 183 202 232 31 190 32 4 43 19 24 244 237 95 23 129 211 255 50 9 56 195 2 4 11 67 111 112 121 114
 105 103 104 116 32 5 32 49 57 56 50 32 98 121 32 77 105 99 114 111 115 111 102 116 32 73 110 99 46 32 83 50 10 0 195 151 6 59 0 0
 163 0 0 0 32 0 0 214 0 111 124 222 0 103 120 222 0 71 62 0 201 0 0 0 53 74 202 153 57 28 118 152 34 149 179 152 10 221 71 152 83
 209 153 153 10 26 159 152 101 188 205 152 214 119 62 152 82 199 79 128 0 0 0 40 14 0 100 57 254 255 1 57 33 12 188 5 19 13 28 7
 147 8 204 16 190 8 49 7 220 6 190 6 156 7 5 12 203 6 248 6 30 7 31 12 128 7 181 7 21 27 59 11 109 11 188 7 75 12 108 5 103 5 205
 12 44 28 8 28 79 26 76 26 214 26 189 11 245 20 177 21 9 21 3 56 168 16 46 11 51 11 117 23 102 24 133 19 205 23 215 24 221 24 112
 25 133 25 99 11 243 15 41 14 132 16 2 16 19 16 33 16 80 16 89 16 197 78 68 198 79 82 206 69 88 84 196 65 84 65 201 78 80 85 84 196
 73 77 210 69 65 68 204 69 84 199 79 84 79 210 85 78 201 70 210 69 83 84 79 82 69 199 79 83 85 66 210 69 84 85 82 78 210 69 77 211
 84 79 80 207 78 204 80 82 73 78 84 195 79 80 89 196 69 70 208 79 75 69 208 82 73 78 84 195 79 78 84 204 73 83 84 204 76 73 83 84
 195 76 69 65 82 195 76 79 65 68 195 83 65 86 69 208 83 69 84 208 82 69 83 69 84 211 79 85 78 68 206 69 87 212 65 66 40 212 79 198
 78 211 80 67 40 201 78 75 69 89 36 212 72 69 78 206 79 84 211 84 69 80 171 173 170 175 222 193 78 68 207 82 190 189 188 211 71 78
 201 78 84 193 66 83 213 83 82 198 82 69 204 80 79 83 208 79 83 211 81 82 210 78 68 204 79 71 197 88 80 195 79 83 211 73 78 212 65
 78 193 84 78 208 69 69 75 204 69 78 211 84 82 36 214 65 76 193 83 67 195 72 82 36 204 69 70 84 36 210 73 71 72 84 36 205 73 68 36
 208 79 73 78 84 128 121 92 22 121 92 18 124 201 19 124 45 20 127 126 23 80 169 10 70 168 10 32 69 114 114 111 114 7 0 32 105 110
 32 0 79 107 13 10 0 66 114 101 97 107 0 78 70 83 78 82 71 79 68 70 67 79 86 79 77 85 76 66 83 68 68 47 48 73 68 84 77 79 83 76 83
 83 84 67 78 85 70 77 79 33 4 0 57 126 35 254 129 192 78 35 70 35 229 96 105 122 179 235 40 2 235 231 1 13 0 225 200 9 24 229 42
 201 56 34 77 56 30 2 1 30 20 1 30 0 1 30 18 1 30 34 1 30 10 1 30 36 1 30 24 205 229 11 247 0 205 222 25 33 121 3 247 1 87 25 62 63
 223 126 223 215 223 33 97 3 205 157 14 42 77 56 124 165 60 196 109 22 62 193 247 2 205 190 25 175 50 8 56 205 222 25 33 110 3 205
 157 14 33 255 255 34 77 56 205 133 13 56 245 215 60 61 40 240 245 205 156 6 213 205 188 4 71 209 241 247 3 210 75 6 213 197 175 50
 204 56 215 183 245 205 159 4 56 6 241 245 202 243 6 183 197 48 16 235 42 214 56 26 2 3 19 231 32 249 96 105 34 214 56 209 241 40
 33 42 214 56 227 193 9 229 205 146 11 225 34 214 56 235 116 209 35 35 115 35 114 35 17 96 56 26 119 35 19 183 32 249 247 4 205 203
 11 247 5 35 235 98 107 126 35 182 202 20 4 35 35 35 175 190 35 32 252 235 115 35 114 24 234 42 79 56 68 77 126 35 182 43 200 35 35
 126 35 102 111 231 96 105 126 35 102 111 63 200 63 208 24 230 175 50 172 56 14 5 17 96 56 126 254 32 202 60 5 71 254 34 202 88 5
 183 202 94 5 58 172 56 183 126 194 60 5 254 63 62 149 202 60 5 126 254 48 56 5 254 60 218 60 5 213 17 68 2 197 1 54 5 197 6 127
 126 254 97 56 7 254 123 48 3 230 95 119 78 235 35 182 242 7 5 4 126 230 127 200 185 32 243 235 229 19 26 183 250 50 5 79 120 254
 136 32 2 215 43 35 126 254 97 56 2 230 95 185 40 231 225 24 211 72 241 235 201 247 10 235 121 193 209 35 18 19 12 214 58 40 4 254
 73 32 3 50 172 56 214 84 194 197 4 71 126 183 40 9 184 40 228 35 18 12 19 24 243 33 95 56 18 19 18 19 18 201 62 1 50 71 56 62 23
 50 8 56 205 156 6 192 193 205 159 4 197 225 78 35 70 35 120 177 202 2 4 205 37 26 197 205 234 25 94 35 86 35 229 235 205 117 22 62
 32 225 223 126 35 183 40 221 242 151 5 247 22 214 127 79 17 69 2 26 19 183 242 168 5 13 32 247 230 127 223 26 19 183 242 177 5 24
 220 62 100 50 203 56 205 49 7 193 229 205 28 7 34 199 56 33 2 0 57 205 163 3 32 20 9 213 43 86 43 94 35 35 229 42 199 56 231 225
 209 32 234 209 249 12 209 235 14 8 205 160 11 229 42 199 56 227 229 42 77 56 227 205 117 9 207 161 205 114 9 229 205 46 21 225 197
 213 1 0 129 81 90 126 254 167 62 1 32 10 215 205 114 9 229 205 46 21 239 225 197 213 245 51 229 42 206 56 227 6 129 197 51 34 206
 56 205 194 31 126 254 58 40 20 183 194 196 3 35 126 35 182 202 41 12 35 94 35 86 235 34 77 56 235 215 17 44 6 213 200 214 128 218
 49 7 254 32 247 23 210 196 3 7 79 6 0 235 33 213 1 9 78 35 70 197 235 35 126 254 58 208 254 32 40 247 254 48 63 60 61 201 215 205
 114 9 239 250 151 6 58 231 56 254 144 218 134 21 1 128 144 17 0 0 229 205 91 21 225 81 200 30 8 195 219 3 43 17 0 0 215 208 229
 245 33 152 25 231 56 17 98 107 25 41 25 41 241 214 48 95 22 0 25 235 225 24 229 241 225 201 247 24 202 203 11 205 207 11 1 44 6 24
 16 14 3 205 160 11 193 229 229 42 77 56 227 62 140 245 51 197 205 156 6 205 30 7 35 229 42 77 56 231 225 220 162 4 212 159 4 96
 105 43 216 30 14 195 219 3 192 22 255 205 159 3 249 254 140 30 4 194 219 3 225 34 77 56 35 124 181 32 7 58 204 56 183 194 1 4 33
 44 6 227 62 225 1 58 14 0 6 0 121 72 71 126 183 200 184 200 35 254 34 40 243 24 244 205 209 16 207 176 213 58 171 56 245 205 133 9
 241 227 34 206 56 31 205 119 9 202 121 7 229 42 228 56 229 35 35 94 35 86 42 79 56 231 48 14 42 218 56 231 209 48 15 33 189 56 231
 48 9 62 209 205 228 15 235 205 57 14 205 228 15 225 205 61 21 225 201 229 205 58 21 209 225 201 247 25 205 84 11 126 71 254 140 40
 3 207 136 43 75 13 120 202 81 6 205 157 6 254 44 192 24 243 205 133 9 126 254 136 40 3 207 165 43 205 117 9 239 202 30 7 215 218
 220 6 195 80 6 62 1 50 71 56 43 215 247 6 204 234 25 202 102 8 254 160 202 58 8 254 163 202 58 8 229 254 44 40 68 254 59 202 97 8
 193 205 133 9 229 58 171 56 183 194 17 8 205 128 22 205 95 14 54 32 42 228 56 58 71 56 183 40 8 58 70 56 134 254 132 24 13 58 72
 56 71 60 40 9 58 0 56 134 61 184 212 234 25 205 160 14 175 196 160 14 225 24 163 58 71 56 183 40 8 58 70 56 254 112 195 45 8 58 73
 56 71 58 0 56 184 212 234 25 210 97 8 214 14 48 252 47 24 32 245 205 83 11 207 41 43 241 214 163 229 40 15 58 71 56 183 202 83 8
 58 70 56 24 3 58 0 56 47 131 48 7 60 71 62 32 223 16 253 225 215 195 193 7 247 7 175 50 71 56 201 63 82 101 100 111 32 102 114 111
 109 32 115 116 97 114 116 13 10 0 247 8 58 205 56 183 194 190 3 193 33 109 8 205 157 14 195 1 12 247 26 205 69 11 126 254 34 62 0
 194 170 8 205 96 14 207 59 229 205 160 14 62 229 205 91 13 193 218 38 12 35 126 183 43 197 202 27 7 54 44 24 5 229 42 220 56 246
 175 50 205 56 227 1 207 44 205 209 16 227 213 126 254 44 40 27 58 205 56 183 194 83 9 62 63 223 205 91 13 209 193 218 38 12 35 126
 43 183 197 202 27 7 213 247 28 58 171 56 183 40 31 215 87 71 254 34 40 12 58 205 56 183 87 40 2 22 58 6 44 43 205 99 14 235 33 32
 9 227 213 195 74 7 215 205 229 21 227 205 58 21 225 43 215 40 5 254 44 194 128 8 227 43 215 194 201 8 209 58 205 56 183 235 194 26
 12 213 182 33 66 9 196 157 14 225 201 63 69 120 116 114 97 32 105 103 110 111 114 101 100 13 10 0 205 28 7 183 32 17 35 126 35 182
 30 6 202 219 3 35 94 35 86 237 83 201 56 215 254 131 32 228 195 240 8 205 133 9 246 55 58 171 56 143 183 232 195 217 3 207 176 1
 207 40 43 22 0 213 14 1 205 160 11 205 253 9 34 208 56 42 208 56 193 120 254 120 212 117 9 126 34 195 56 254 168 216 254 178 208
 254 175 210 226 9 214 168 95 32 8 58 171 56 61 123 202 124 15 7 131 95 33 76 3 22 0 25 120 86 186 208 35 205 117 9 197 1 148 9 197
 67 74 205 19 21 88 81 78 35 70 35 197 42 195 56 195 136 9 22 0 214 175 218 208 10 254 3 210 208 10 254 1 23 170 186 87 218 196 3
 34 195 56 215 24 231 247 9 175 50 171 56 215 202 214 3 218 229 21 205 198 12 210 78 10 254 168 40 233 254 46 202 229 21 254 169
 202 61 10 254 34 202 96 14 254 166 202 5 11 254 164 202 251 25 254 162 202 64 11 214 178 210 95 10 205 131 9 207 41 201 22 125 205
 136 9 42 208 56 229 205 11 21 205 117 9 225 201 205 209 16 229 235 34 228 56 58 171 56 183 204 32 21 225 201 247 27 254 24 202 104
 26 6 0 7 79 197 215 121 254 41 56 22 205 131 9 207 44 205 118 9 235 42 228 56 227 229 235 205 84 11 235 227 24 8 205 55 10 227 17
 73 10 213 1 21 2 9 78 35 102 105 233 21 254 169 200 254 45 200 20 254 43 200 254 168 200 43 201 246 175 245 205 117 9 205 130 6
 241 235 193 227 235 205 35 21 245 205 130 6 241 193 121 33 33 11 194 203 10 163 79 120 162 233 179 79 120 178 233 33 226 10 58 171
 56 31 122 23 95 22 100 120 186 208 195 203 9 228 10 121 183 31 193 209 245 205 119 9 33 251 10 229 202 91 21 175 50 171 56 195 252
 13 60 143 193 160 198 255 159 195 246 20 22 90 205 136 9 205 117 9 205 130 6 123 47 79 122 47 205 33 11 193 195 148 9 125 147 79
 124 154 65 80 30 0 33 171 56 115 6 144 195 251 20 58 70 56 24 3 58 0 56 71 175 195 34 11 247 15 195 196 3 247 16 195 196 3 229 42
 77 56 35 124 181 225 192 30 22 195 219 3 215 205 114 9 205 126 6 122 183 194 151 6 43 215 123 201 205 130 6 205 136 11 26 195 54
 11 205 114 9 205 130 6 205 136 11 213 207 44 205 84 11 209 18 201 205 133 9 229 205 130 6 225 201 229 33 255 47 231 225 210 151 6
 201 205 169 11 197 227 193 231 126 2 200 11 43 24 248 229 42 218 56 6 0 9 9 62 229 62 208 149 111 62 255 156 103 56 3 57 225 216
 17 12 0 195 219 3 192 247 12 42 79 56 175 119 35 119 35 34 214 56 42 79 56 43 34 206 56 42 173 56 34 193 56 175 205 5 12 42 214 56
 34 216 56 34 218 56 193 42 75 56 249 205 216 31 34 175 56 205 190 25 175 111 103 34 212 56 50 203 56 34 222 56 229 197 42 206 56
 201 235 42 79 56 40 14 235 205 156 6 229 205 159 4 96 105 209 210 243 6 43 34 220 56 235 201 192 246 192 34 206 56 33 246 255 193
 42 77 56 245 125 164 60 40 9 34 210 56 42 206 56 34 212 56 205 190 25 205 222 25 241 33 115 3 194 244 3 195 2 4 42 212 56 124 181
 17 32 0 202 219 3 237 91 210 56 237 83 77 56 201 195 151 6 62 175 183 245 215 62 1 50 203 56 205 209 16 194 151 6 50 203 56 205
 117 9 241 229 245 197 6 35 40 18 205 127 27 205 188 27 120 205 135 27 205 135 27 205 135 27 24 17 205 46 27 205 206 27 14 6 205 77
 27 184 32 248 13 32 247 225 235 25 235 78 6 0 9 9 35 231 40 13 241 245 126 196 138 27 204 77 27 119 35 24 240 241 194 28 28 225
 195 126 27 126 254 65 216 254 91 63 201 247 11 202 207 11 205 123 6 43 215 229 42 173 56 40 14 225 207 44 213 205 123 6 43 215 194
 196 3 227 235 125 147 95 124 154 87 218 183 11 229 42 214 56 1 40 0 9 231 210 183 11 235 34 75 56 225 34 173 56 225 195 207 11 125
 147 95 124 154 87 201 17 0 0 196 209 16 34 206 56 205 159 3 194 202 3 249 213 126 245 35 213 205 32 21 227 229 205 83 18 225 205
 58 21 225 205 49 21 229 205 91 21 225 193 144 205 49 21 40 9 235 34 77 56 105 96 195 40 6 249 42 206 56 126 254 44 194 44 6 215
 205 22 13 62 63 223 62 32 223 195 133 13 58 74 56 183 62 92 50 74 56 32 5 5 40 19 223 4 5 43 40 9 126 223 24 18 5 43 223 32 13 223
 205 234 25 33 96 56 6 1 175 50 74 56 205 218 25 79 254 127 40 206 58 74 56 183 40 7 62 92 223 175 50 74 56 121 254 7 40 65 254 3
 204 234 25 55 200 254 13 202 229 25 254 21 202 130 13 0 0 0 0 0 254 8 202 124 13 254 24 32 5 62 35 195 129 13 254 18 32 20 197 213
 229 54 0 205 234 25 33 96 56 205 157 14 225 209 193 195 142 13 254 32 218 142 13 120 254 73 62 7 210 248 13 121 113 50 204 56 35 4
 223 195 142 13 213 205 201 15 126 35 35 78 35 70 209 197 245 205 205 15 205 49 21 241 87 225 123 178 200 122 214 1 216 175 187 60
 208 21 29 10 3 190 35 40 237 63 195 241 20 205 117 9 205 128 22 205 95 14 205 201 15 1 29 16 197 126 35 35 229 205 179 14 225 78
 35 70 205 83 14 229 111 205 189 15 209 201 62 1 205 179 14 33 189 56 229 119 35 35 115 35 114 225 201 43 6 34 80 229 14 255 35 126
 12 183 40 6 186 40 3 184 32 244 254 34 204 107 6 227 35 235 121 205 83 14 17 189 56 42 175 56 34 228 56 62 1 50 171 56 205 61 21
 231 34 175 56 225 126 192 17 30 0 195 219 3 35 205 95 14 205 201 15 205 49 21 28 29 200 10 223 254 13 204 240 25 3 24 244 183 14
 241 245 42 75 56 235 42 193 56 47 79 6 255 9 35 231 56 7 34 193 56 35 235 241 201 241 17 26 0 202 219 3 191 245 1 181 14 197 42
 173 56 34 193 56 33 0 0 229 42 218 56 229 33 177 56 237 91 175 56 231 1 236 14 194 50 15 42 214 56 237 91 216 56 231 40 10 35 126
 35 183 205 53 15 24 240 193 237 91 218 56 231 202 87 15 205 49 21 122 229 9 183 242 10 15 34 197 56 225 78 6 0 9 9 35 235 42 197
 56 235 231 40 220 1 39 15 197 246 128 126 35 35 94 35 86 35 240 183 200 68 77 42 193 56 231 96 105 216 225 227 231 227 229 96 105
 208 193 241 241 229 213 197 201 209 225 124 181 200 43 70 43 78 229 43 43 110 38 0 9 80 89 43 68 77 42 193 56 205 149 11 225 113
 35 112 96 105 43 195 222 14 197 229 42 228 56 227 205 253 9 227 205 118 9 126 229 42 228 56 229 134 17 28 0 218 219 3 205 80 14
 209 205 205 15 227 205 204 15 229 42 191 56 235 205 180 15 205 180 15 33 145 9 227 229 195 126 14 225 227 126 35 35 78 35 70 111
 44 45 200 10 18 3 19 24 248 205 118 9 42 228 56 235 205 228 15 235 192 213 80 89 27 78 42 193 56 231 32 5 71 9 34 193 56 225 201
 42 175 56 43 70 43 78 43 43 231 192 34 175 56 201 1 54 11 197 205 198 15 175 87 50 171 56 126 183 201 1 54 11 197 205 247 15 202
 151 6 35 35 94 35 86 26 201 205 78 14 205 87 11 42 191 56 115 193 195 126 14 205 160 16 175 227 79 229 126 184 56 2 120 17 14 0
 197 205 179 14 193 225 229 35 35 70 35 102 104 6 0 9 68 77 205 83 14 111 205 189 15 209 205 205 15 195 126 14 205 160 16 209 213
 26 144 24 204 235 126 205 163 16 4 5 202 151 6 197 30 255 254 41 40 5 207 44 205 84 11 207 41 241 227 1 39 16 197 61 190 6 0 208
 79 126 145 187 71 216 67 201 205 247 15 202 195 18 95 35 35 126 35 102 111 229 25 70 114 227 197 43 215 205 229 21 193 225 112 201
 235 207 41 193 209 197 67 201 42 218 56 235 33 0 0 57 58 171 56 183 202 28 11 205 201 15 205 219 14 237 91 75 56 42 193 56 195 28
 11 43 215 200 207 44 1 199 16 197 246 175 50 170 56 78 205 197 12 218 196 3 175 71 50 171 56 215 56 5 205 198 12 56 9 71 215 56
 253 205 198 12 48 248 214 36 32 8 60 50 171 56 15 128 71 215 58 203 56 61 202 160 17 242 14 17 126 214 40 202 122 17 175 50 203 56
 229 80 89 42 222 56 231 17 224 56 202 26 20 42 216 56 235 42 214 56 231 202 61 17 121 150 35 194 50 17 120 150 35 202 108 17 35 35
 35 35 195 38 17 225 227 213 17 81 10 231 209 202 111 17 227 229 197 1 6 0 42 218 56 229 9 193 229 205 146 11 225 34 218 56 96 105
 34 216 56 43 54 0 231 32 250 209 115 35 114 35 235 225 201 50 231 56 33 109 3 34 228 56 225 201 229 42 170 56 227 87 213 197 205
 122 6 193 241 235 227 229 235 60 87 126 254 44 202 128 17 207 41 34 208 56 225 34 170 56 30 0 213 17 229 245 42 216 56 62 25 237
 91 218 56 231 40 37 126 35 185 32 2 126 184 35 94 35 86 35 32 234 58 170 56 183 194 205 3 241 68 77 202 26 20 150 202 43 18 17 16
 0 195 219 3 17 4 0 241 202 151 6 113 35 112 35 79 205 160 11 35 35 34 195 56 113 35 58 170 56 23 121 1 11 0 48 2 193 3 113 245 35
 112 35 229 205 202 21 235 225 241 61 32 234 245 66 75 235 25 218 183 11 205 169 11 34 218 56 43 54 0 231 32 250 3 87 42 195 56 94
 235 41 9 235 43 43 115 35 114 35 241 56 33 71 79 126 35 22 225 94 35 86 35 227 245 231 210 205 17 229 205 202 21 209 25 241 61 68
 77 32 233 41 41 193 9 235 42 208 56 201 33 87 23 205 49 21 24 9 205 49 21 33 193 209 205 11 21 120 183 200 58 231 56 183 202 35 21
 144 48 12 47 60 235 205 19 21 235 205 35 21 193 209 254 25 208 245 205 70 21 103 241 205 48 19 124 183 33 228 56 242 159 18 205 16
 19 48 94 35 52 202 211 3 46 1 205 82 19 24 82 175 144 71 126 155 95 35 126 154 87 35 126 153 79 220 28 19 104 99 175 71 121 183 32
 39 74 84 101 111 120 214 8 254 224 32 240 175 50 231 56 201 124 181 178 32 10 121 5 23 48 252 4 31 79 24 11 5 41 122 23 87 121 143
 79 242 200 18 120 92 69 183 40 9 33 231 56 134 119 48 212 40 210 120 33 231 56 183 252 3 19 70 35 126 230 128 169 79 195 35 21 28
 192 20 192 12 192 14 128 52 192 195 211 3 126 131 95 35 126 138 87 35 126 137 79 201 33 232 56 126 47 119 175 111 144 71 125 155
 95 125 154 87 125 153 79 201 6 0 214 8 56 7 67 90 81 14 0 24 245 198 9 111 122 179 176 32 9 121 45 200 31 79 48 250 24 6 175 45
 200 121 31 79 122 31 87 123 31 95 120 31 71 24 239 0 0 0 129 4 154 247 25 131 36 99 67 131 117 205 141 132 169 127 131 130 4 0 0 0
 129 226 176 77 131 10 114 17 131 244 4 53 127 239 183 234 151 6 205 149 19 1 49 128 17 24 114 24 54 205 46 21 62 128 50 231 56 168
 245 205 19 21 33 99 19 205 70 24 193 225 205 19 21 235 205 35 21 33 116 19 205 70 24 193 209 205 47 20 241 205 19 21 205 246 20
 193 209 195 97 18 33 193 209 239 200 46 0 205 172 20 121 50 246 56 235 34 247 56 1 0 0 80 88 33 176 18 229 33 235 19 229 229 33
 228 56 126 35 183 40 44 229 46 8 31 103 121 48 11 229 42 247 56 25 235 225 58 246 56 137 31 79 122 31 87 123 31 95 120 31 71 230
 16 40 4 120 246 32 71 45 124 32 217 225 201 67 90 81 79 201 205 19 21 1 32 132 17 0 0 205 35 21 193 209 239 202 199 3 46 255 205
 172 20 52 202 211 3 52 202 211 3 43 126 50 25 56 43 126 50 21 56 43 126 50 17 56 65 235 175 79 87 95 50 28 56 229 197 125 205 16
 56 222 0 63 48 7 50 28 56 241 241 55 210 193 225 121 60 61 31 242 135 20 23 58 28 56 31 230 192 245 120 180 181 40 2 62 32 225 180
 195 242 18 23 123 23 95 122 23 87 121 23 79 41 120 23 71 58 28 56 23 50 28 56 121 178 179 32 183 229 33 231 56 53 225 32 175 195
 195 18 120 183 40 29 125 33 231 56 174 128 71 31 168 120 242 204 20 198 128 119 202 26 20 205 70 21 119 43 201 239 47 225 183 225
 242 195 18 195 211 3 205 46 21 120 183 200 198 2 218 211 3 71 205 97 18 33 231 56 52 192 195 211 3 58 230 56 254 47 23 159 192 60
 201 239 6 136 17 0 0 33 231 56 79 112 6 0 35 54 128 23 195 173 18 239 240 33 230 56 126 238 128 119 201 235 42 228 56 227 229 42
 230 56 227 229 235 201 205 49 21 235 34 228 56 96 105 34 230 56 235 201 33 228 56 94 35 86 35 78 35 70 35 201 17 228 56 6 4 26 119
 19 35 16 250 201 33 230 56 126 7 55 31 119 63 31 35 35 119 121 7 55 31 79 31 174 201 120 183 202 40 0 33 239 20 229 239 121 200 33
 230 56 174 121 248 205 115 21 31 169 201 35 120 190 192 43 121 190 192 43 122 190 192 43 123 150 192 225 225 201 71 79 87 95 183
 200 229 205 46 21 205 70 21 174 103 252 170 21 62 152 144 205 48 19 124 23 220 3 19 6 0 220 28 19 225 201 27 122 163 60 192 11 201
 33 231 56 126 254 152 58 228 56 208 126 205 134 21 54 152 123 245 121 23 205 173 18 241 201 33 0 0 120 177 200 62 16 41 218 205 17
 235 41 235 210 224 21 9 218 205 17 61 194 210 21 201 254 45 245 40 5 254 43 40 1 43 205 195 18 71 87 95 47 79 215 218 63 22 254 46
 202 26 22 254 101 202 10 22 254 69 194 30 22 215 205 152 10 215 218 97 22 20 194 30 22 175 147 95 12 12 202 247 21 229 123 144 244
 55 22 242 45 22 245 205 33 20 241 60 194 33 22 209 241 204 11 21 235 201 200 245 205 212 20 241 61 201 213 87 120 137 71 197 229
 213 205 212 20 241 214 48 205 86 22 225 193 209 195 247 21 205 19 21 205 246 20 193 209 195 97 18 123 7 7 131 7 134 214 48 95 195
 14 22 229 33 105 3 205 157 14 225 17 156 14 213 235 175 6 152 205 251 20 33 233 56 229 239 54 32 242 140 22 54 45 35 54 48 202 66
 23 229 252 11 21 175 245 205 72 23 1 67 145 17 248 79 205 91 21 183 226 185 22 241 205 56 22 245 195 155 22 205 33 20 241 60 245
 205 72 23 205 80 18 60 205 134 21 205 35 21 1 6 3 241 129 60 250 213 22 254 8 210 213 22 60 71 62 2 61 61 225 245 17 94 23 5 194
 230 22 54 46 35 54 48 35 5 54 46 204 56 21 197 229 213 205 46 21 225 6 47 4 123 150 95 35 122 158 87 35 121 158 79 43 43 210 245
 22 205 16 19 35 205 35 21 235 225 112 35 193 13 194 230 22 5 202 38 23 43 126 254 48 202 26 23 254 46 196 56 21 241 202 69 23 54
 69 35 54 43 242 54 23 54 45 47 60 6 47 4 214 10 210 56 23 198 58 35 112 35 119 35 113 225 201 1 116 148 17 247 35 205 91 21 183
 225 226 176 22 233 0 0 0 128 64 66 15 160 134 1 16 39 0 232 3 0 100 0 0 10 0 0 1 0 0 33 11 21 227 233 205 19 21 33 87 23 205 32 21
 193 209 239 120 202 205 23 242 140 23 183 202 199 3 183 202 196 18 213 197 121 246 127 205 46 21 242 181 23 245 58 231 56 254 153
 56 3 241 24 15 241 213 197 205 177 21 193 209 245 205 91 21 225 124 31 225 34 230 56 225 34 228 56 220 112 23 204 11 21 213 197
 205 133 19 193 209 205 203 19 1 56 129 17 59 170 205 203 19 58 231 56 254 136 48 34 254 104 56 48 205 19 21 205 177 21 198 129 193
 209 40 21 245 205 94 18 33 26 24 205 70 24 193 17 0 0 74 195 203 19 205 19 21 58 230 56 183 242 14 24 241 241 195 195 18 195 211 3
 1 0 129 17 0 0 195 35 21 7 124 136 89 116 224 151 38 119 196 29 30 122 94 80 99 124 26 254 117 126 24 114 49 128 0 0 0 129 205 19
 21 17 201 19 213 229 205 46 21 205 203 19 225 205 19 21 126 35 205 32 21 6 241 193 209 61 200 213 197 245 229 205 203 19 225 205
 49 21 229 205 97 18 225 24 233 239 33 32 56 250 196 24 33 65 56 205 32 21 33 32 56 200 134 230 7 6 0 119 35 135 135 79 9 205 49 21
 205 203 19 58 31 56 60 230 3 6 0 254 1 136 50 31 56 33 199 24 135 135 79 9 205 83 18 205 46 21 123 89 238 79 79 54 128 43 70 54
 128 33 30 56 52 126 214 171 32 4 119 12 21 28 205 176 18 33 65 56 195 58 21 119 43 119 43 119 24 213 104 177 70 104 153 233 146
 105 16 209 117 104 33 83 25 205 83 18 58 231 56 254 119 216 58 230 56 183 242 243 24 230 127 50 230 56 17 11 21 213 1 34 126 17
 131 249 205 203 19 205 19 21 205 177 21 193 209 205 94 18 1 0 127 17 0 0 205 91 21 250 53 25 1 128 127 17 0 0 205 97 18 1 128 128
 17 0 0 205 97 18 239 244 11 21 1 0 127 17 0 0 205 97 18 205 11 21 58 230 56 183 245 242 66 25 238 128 50 230 56 33 91 25 205 55 24
 241 240 58 230 56 238 128 50 230 56 201 219 15 73 129 0 0 0 127 5 251 215 30 134 101 38 153 135 88 52 35 135 225 93 165 134 219 15
 73 131 205 19 21 205 221 24 193 225 205 19 21 235 205 35 21 205 215 24 195 45 20 247 14 195 196 3 247 13 245 58 71 56 183 202 214
 25 241 245 254 9 32 12 62 32 223 58 70 56 230 7 32 246 241 201 241 245 214 13 40 11 56 12 58 70 56 60 254 132 204 199 25 50 70 56
 241 195 232 26 175 50 71 56 58 70 56 183 200 62 13 205 187 25 62 10 205 187 25 175 50 70 56 201 241 195 114 29 205 47 26 201 58 0
 56 183 200 24 5 54 0 33 95 56 62 13 223 62 10 223 58 71 56 183 40 4 175 50 70 56 201 215 229 205 24 26 40 9 245 205 78 14 241 95
 205 25 16 33 109 3 34 228 56 62 1 50 171 56 225 201 229 33 10 56 126 54 0 183 204 57 26 225 201 205 57 26 200 50 10 56 254 19 192
 175 50 10 56 205 57 26 40 251 201 205 126 30 254 3 32 10 58 94 56 183 204 190 11 195 206 31 183 201 175 24 2 62 1 8 205 127 26 205
 142 26 40 2 54 160 8 183 26 32 3 47 166 6 182 119 225 201 215 205 127 26 205 142 26 32 6 26 166 22 1 32 2 22 0 175 205 35 11 225
 201 207 40 205 208 26 213 207 44 205 208 26 207 41 193 201 227 229 197 213 33 71 0 231 218 151 6 33 79 0 197 209 231 56 245 209
 193 33 40 48 123 17 40 0 254 3 56 6 25 61 61 61 24 246 7 203 41 48 1 60 9 17 202 26 183 40 4 19 61 24 249 126 246 160 174 201 1 2
 4 8 16 64 205 133 9 195 130 6 213 205 127 26 229 205 100 30 225 209 201 62 13 205 232 26 62 10 247 17 245 245 217 219 254 230 1 40
 250 205 8 27 30 8 241 205 10 27 15 29 32 249 62 1 205 10 27 217 241 201 62 0 211 254 38 177 37 32 253 0 0 0 201 229 213 205 225 26
 33 40 48 17 232 51 126 205 232 26 35 231 56 248 205 225 26 209 225 201 229 213 197 33 232 27 245 205 157 14 33 181 0 205 157 14
 205 126 30 254 13 32 249 205 234 25 241 193 209 225 201 217 14 252 205 98 27 56 251 38 8 205 98 27 203 21 37 32 248 125 217 201
 237 120 31 56 251 237 120 31 48 251 175 60 237 64 203 24 56 249 60 237 64 203 24 48 249 254 73 201 201 229 213 197 33 247 27 24
 173 205 138 27 245 217 14 252 245 175 30 1 205 165 27 241 30 8 205 165 27 62 255 30 2 205 165 27 217 241 201 23 46 64 56 2 46 128
 6 4 237 65 101 37 32 253 5 32 247 29 32 235 201 201 245 197 6 12 62 255 205 138 27 16 249 175 205 138 27 193 241 201 245 197 6 6
 205 77 27 60 32 248 16 248 205 77 27 183 40 5 60 40 247 24 235 193 241 201 80 114 101 115 115 32 60 80 76 65 89 62 13 10 0 80 114
 101 115 115 32 60 82 69 67 79 82 68 62 13 10 0 247 21 254 170 202 98 12 205 184 28 229 205 37 29 42 79 56 205 56 29 6 15 175 205
 138 27 16 251 1 64 31 205 75 29 225 201 247 20 254 170 202 99 12 214 149 40 2 175 1 47 35 254 1 245 62 255 50 94 56 205 177 28 175
 50 93 56 213 205 46 27 205 217 28 33 87 56 205 237 28 209 40 18 33 6 29 205 13 29 6 10 205 77 27 183 32 248 16 248 24 218 33 254
 28 205 13 29 241 50 228 56 220 190 11 58 228 56 254 1 50 94 56 42 79 56 205 81 29 32 17 34 214 56 33 110 3 205 157 14 62 255 50 94
 56 195 128 4 35 235 42 214 56 231 56 234 33 171 28 205 157 14 195 1 4 66 97 100 13 10 0 175 50 81 56 43 215 200 205 133 9 229 205
 6 16 43 43 43 70 14 6 33 81 56 26 119 35 19 13 40 8 16 247 65 54 0 35 16 251 225 201 205 206 27 175 50 93 56 33 87 56 6 6 205 77
 27 119 35 16 249 201 1 81 56 30 6 10 183 200 10 190 35 3 192 29 32 248 201 70 111 117 110 100 58 32 0 83 107 105 112 58 32 0 213
 245 205 157 14 33 87 56 6 6 126 35 183 40 1 223 16 248 205 234 25 241 209 201 205 127 27 205 188 27 6 6 33 81 56 126 35 205 138 27
 16 249 201 205 188 27 235 42 214 56 26 19 205 138 27 231 32 248 201 1 0 0 11 120 177 32 251 201 205 206 27 62 255 50 93 56 159 47
 87 6 10 205 77 27 95 150 162 192 115 205 169 11 126 183 35 32 238 16 238 175 201 247 19 245 254 10 40 26 58 0 56 183 32 20 58 8 56
 183 40 14 61 50 8 56 32 8 62 23 50 8 56 205 47 26 241 245 217 254 7 202 20 30 254 11 202 69 30 95 42 1 56 58 13 56 119 123 254 8
 40 48 254 13 40 13 254 10 40 19 42 1 56 119 205 31 30 24 44 237 91 0 56 175 87 237 82 24 31 17 192 51 231 210 216 29 17 40 0 25 34
 1 56 24 18 205 254 29 24 13 58 0 56 183 40 2 43 61 54 32 205 62 30 42 1 56 126 50 13 56 54 127 217 241 201 42 1 56 58 13 56 119
 201 1 152 3 17 40 48 33 80 48 237 176 6 40 33 193 51 54 32 35 16 251 201 1 200 0 17 50 0 205 100 30 24 212 42 1 56 58 0 56 35 60
 254 38 56 19 35 35 17 232 51 231 62 0 56 9 33 193 51 205 62 30 195 254 29 34 1 56 50 0 56 201 6 32 33 0 48 205 89 30 6 6 205 89 30
 33 41 48 175 195 231 29 17 255 3 112 35 27 122 179 32 249 201 120 177 200 175 211 252 205 118 30 60 211 252 205 118 30 11 24 238
 213 225 124 181 200 43 24 250 247 18 217 42 11 56 124 183 40 26 235 33 15 56 52 126 254 15 56 60 54 5 235 35 126 34 11 56 183 242
 54 31 175 50 12 56 1 255 0 237 120 47 230 63 33 14 56 40 22 6 127 237 120 47 230 15 32 31 6 191 237 120 47 230 63 32 22 203 8 56
 245 35 62 70 190 56 3 40 4 52 175 217 201 52 43 54 0 24 247 17 0 0 28 31 48 252 123 203 24 48 4 198 6 24 248 95 190 119 35 32 15
 62 4 190 56 5 40 12 52 24 2 54 6 175 217 201 54 0 24 249 52 6 127 237 120 203 111 221 33 147 31 40 12 203 103 221 33 101 31 40 4
 221 33 55 31 221 25 221 126 0 183 242 54 31 214 127 79 33 68 2 35 126 183 242 40 31 13 32 247 34 11 56 230 127 217 201 61 8 58 13
 59 46 45 47 48 112 108 44 57 111 107 109 110 106 56 105 55 117 104 98 54 121 103 118 99 102 53 116 52 114 100 120 51 101 115 122
 32 97 50 119 49 113 43 92 42 13 64 62 95 94 63 80 76 60 41 79 75 77 78 74 40 73 39 85 72 66 38 89 71 86 67 70 37 84 36 82 68 88 35
 69 83 90 32 65 34 87 33 81 130 28 193 13 148 196 129 30 48 16 202 195 146 15 157 13 200 156 141 9 140 21 8 201 144 25 7 199 3 131
 136 132 165 18 134 24 138 133 19 154 198 155 151 142 137 17 229 33 4 0 57 34 249 56 225 195 37 26 42 249 56 249 42 206 56 205 32
 12 43 43 34 249 56 33 177 56 201 62 255 211 254 195 65 0 62 170 211 255 50 9 56 195 16 32 33 95 1 195 157 14 245 245 245 