
REM This Aquarius Basic program was created by William Griffin 2008
REM The DATA was generated from XPM image data read through MurgaLua
REM The image data itself comes from a Virtual Aquarius screenshot 

new
5 PRINTCHR$(11) 
REM start= Aquarius menu start address above printing start of 12328
10 start= 12288 :cols=40 :rows=24
REM offset = poke address offset
REM byte= Aquarius character byte
REM read address offset and character byte
20 READ offset,byte 
REM line 30 offsets Left Right non writing borders and top border
30 offset = offset - (cols+2) 
REM line 40 checks for exit from program to end of data
40 IF offset < 1 or byte =< 1 then end 
50 POKE start+offset,byte
99 GOTO 20

100 Data 83,83,84,67,85,79,86,82,87,69,90,48
110 DATA 91,48,92,49,93,53,94,48,96,146,98,146
120 DATA 103,80,104,65,105,67,106,77,107,82
130 DATA 110,72,111,73,112,71,113,72,116,48
140 DATA 117,48,118,48,119,48,120,48,162,214
150 DATA 163,197,179,25,200,197,201,214,202,214
160 DATA 241,214,242,214,244,214,250,214
170 DATA 252,214,258,214,260,214,263,214
180 DATA 265,214,271,214,273,214,279,214
190 DATA 281,214,282,214,284,207,290,223
200 DATA 292,207,298,223,300,207,303,223
210 DATA 305,207,311,223,313,207,319,223
220 DATA 321,214,322,214,342,147,361,214
230 DATA 362,214,400,25,401,214,402,214,404,214
240 DATA 413,214,415,214,421,214,423,214
250 DATA 428,214,430,214,439,214,441,214
260 DATA 442,214,444,214,453,223,455,214
270 DATA 461,223,463,207,468,214,470,207
280 DATA 479,214,481,214,482,214,484,214
290 DATA 486,214,495,214,497,214,506,214
300 DATA 508,214,517,214,519,214,521,214
310 DATA 522,223,524,207,526,223,535,223
320 DATA 537,214,546,214,548,207,557,207
330 DATA 559,223,561,207,568,214,577,214
340 DATA 579,214,584,214,586,214,595,214
350 DATA 608,207,617,223,619,214,624,214
360 DATA 626,207,635,223,642,214,644,214
370 DATA 646,214,659,207,664,223,677,214
380 DATA 679,214,681,214,682,214,684,214
390 DATA 686,214,709,25,717,214,719,214,721,214
400 DATA 722,214,724,214,726,214,728,214
410 DATA 733,214,735,214,737,207,746,223
420 DATA 748,214,750,214,755,214,757,214
430 DATA 759,214,761,214,762,214,764,214
440 DATA 766,214,768,214,773,214,775,214
450 DATA 788,214,790,214,795,214,797,214
460 DATA 799,214,801,214,802,214,804,214
470 DATA 806,214,808,207,813,223,815,207
480 DATA 828,223,830,207,835,223,837,214
490 DATA 839,214,841,214,842,214,844,214
500 DATA 846,214,856,25,860,214,863,214,877,214
510 DATA 879,214,881,214,882,214,884,214
520 DATA 886,207,900,214


9999DATA -1,-1,-1,-1

run


