5 print chr$(11)
50 read N
100 for i = 1 to N
120 read D
130 A=12288+D
140 read C
150 poke A,C
160 next i
9905 Data 54
9910 Data 120,127,121
9915 Data 127,122,127,123,127,124,127
9920 Data 125,127,126,127,166,127,167
9925 Data 127,168,127,169,127,210,127
9930 Data 211,127,212,127,213,127,253
9935 Data 127,254,127,255,127,256,127
9940 Data 296,127,297,127,298,127,338
9945 Data 127,339,127,380,127,381,127
9950 Data 422,127,423,127,464,127,465
9955 Data 127,505,127,506,127,546,127
9960 Data 547,127,588,127,589,127,629
9965 Data 127,630,127,670,127,671,127
9970 Data 712,127,753,127,754,127,794
9975 Data 127,795,127,835,127,836,127
9980 Data 876,127,877,127,917,127,918
9985 Data 127,958,127,998,127,999,127
