1 PRINT CHR$(11)
2 n=0
3 READ out,A
6 if out=999 then goto 12
7 FOR y=1 TO A
8 poke n+12327+y,out
9 NEXT y
10 n=n+A
11 GOTO 3
12 n=0
13 READ C,A
14 IF C=999 THEN GOTO 20
15 FOR y=1 TO A
16 POKE n+13351+y,C*16
17 NEXT y
18 n=n+A
19 GOTO 13
20 n=0
21 READ C,A
22 IF C=999 THEN GOTO 28
23 FOR y=1 TO A
24 POKE n+13351+y,PEEK(n+13351+y)+C
25 NEXT y
26 n=n+A
27 GOTO 21
28 A$=INKEY$: IF A$="" THEN GOTO 28
29 PRINT CHR$(11)
30 DATA 134,8,132,1,65,1,134,1,38,1,132,1,101,1,44,1,55,1
31 DATA 96,1,195,1,127,1,133,1,152,1,127,1,132,1,38,1,120,1
32 DATA 132,1,129,1,134,2,31,1,148,1,59,1,132,1,118,1,39,1
33 DATA 134,1,35,1,134,3,133,1,134,5,65,1,39,1,148,2,243,1
34 DATA 45,1,151,1,63,1,149,1,208,1,98,1,75,1,145,1,132,1
35 DATA 153,1,133,1,134,1,120,1,134,1,149,1,132,1,38,1,60,1
36 DATA 132,1,195,1,133,1,49,1,133,1,134,3,132,2,89,1,136,1
37 DATA 175,1,231,1,243,1,61,1,148,1,118,1,48,1,65,1,132,2
38 DATA 148,1,153,1,103,1,39,1,209,1,148,1,92,1,94,1,148,1
39 DATA 203,1,133,1,132,1,216,2,97,1,82,1,121,1,77,1,99,1
40 DATA 153,1,134,1,86,1,120,1,133,1,25,1,56,1,209,1,120,1
41 DATA 134,1,127,1,132,1,46,1,149,1,133,1,116,1,134,1,132,1
42 DATA 208,1,47,1,44,1,38,1,195,1,134,1,191,1,55,1,46,1
43 DATA 38,1,34,1,209,1,158,1,127,1,25,1,4,1,133,1,41,1
44 DATA 75,1,205,1,199,1,39,1,85,1,125,1,41,1,134,1,148,1
45 DATA 134,1,149,1,148,1,149,1,134,1,60,1,40,1,82,1,98,1
46 DATA 47,1,132,1,133,1,148,1,44,1,88,1,133,1,63,1,199,1
47 DATA 192,1,136,1,31,1,252,1,137,8,148,1,133,1,219,1,46,1
48 DATA 234,1,127,1,133,1,209,1,126,1,202,1,134,2,139,1,134,1
49 DATA 148,1,134,1,216,1,41,1,40,1,97,1,60,1,134,1,211,1
50 DATA 183,1,4,1,39,1,215,1,217,1,167,1,13,1,103,1,31,1
51 DATA 171,1,4,1,61,1,133,1,163,1,161,1,140,1,133,1,163,1
52 DATA 136,1,193,1,179,1,201,1,127,1,132,1,134,3,44,1,144,1
53 DATA 136,1,175,1,31,1,134,2,4,1,5,1,132,1,92,1,63,1
54 DATA 81,1,195,1,149,1,75,1,37,1,125,1,38,1,97,1,47,1
55 DATA 216,1,97,1,202,1,215,1,44,1,119,1,47,1,58,1,132,1
56 DATA 134,1,52,1,208,1,171,1,199,1,175,1,132,1,243,1,241,1
57 DATA 31,1,252,1,137,1,127,1,40,1,120,1,75,1,149,3,148,1
58 DATA 133,1,98,1,36,1,129,1,152,1,13,1,146,1,125,1,5,1
59 DATA 202,1,134,1,83,1,134,1,22,1,127,1,134,1,148,1,62,1
60 DATA 134,1,98,1,60,1,134,1,38,1,134,1,112,1,109,1,60,1
61 DATA 40,1,60,1,39,1,94,1,39,1,127,2,46,1,134,1,208,1
62 DATA 60,1,149,1,133,1,202,1,134,1,41,1,106,1,192,1,41,1
63 DATA 63,1,134,1,88,1,202,1,148,1,56,1,65,1,40,1,38,1
64 DATA 216,1,115,1,148,1,42,1,47,1,218,1,208,1,51,1,148,1
65 DATA 121,1,3,1,127,1,46,1,127,1,47,1,134,1,44,1,134,1
66 DATA 97,1,94,1,75,1,60,1,133,1,149,1,136,1,175,1,167,1
67 DATA 194,1,149,1,55,1,208,1,39,1,149,1,148,1,149,1,109,1
68 DATA 134,1,219,1,134,1,216,1,38,1,134,1,148,1,134,1,94,1
69 DATA 132,1,60,1,35,1,134,3,34,1,39,1,58,1,62,1,47,1
70 DATA 60,1,94,1,133,1,41,1,175,1,31,1,6,1,148,1,19,1
71 DATA 134,1,149,1,133,1,148,1,146,1,96,1,4,1,134,1,56,1
72 DATA 132,1,149,2,88,1,149,1,134,1,94,1,132,2,54,1,132,2
73 DATA 134,1,38,1,209,1,148,1,134,1,127,1,4,1,39,2,47,1
74 DATA 97,1,60,1,149,1,39,1,148,1,133,1,40,1,148,1,39,1
75 DATA 127,1,60,1,59,1,132,1,208,1,129,1,120,1,34,1,148,1
76 DATA 25,1,63,1,149,1,195,1,39,1,134,1,58,1,149,1,118,1
77 DATA 46,1,149,1,134,2,119,1,127,1,58,1,119,1,127,1,120,1
78 DATA 4,1,39,1,47,1,44,1,39,1,4,1,127,1,44,1,59,1
79 DATA 44,1,202,1,46,1,58,1,94,1,153,1,134,1,85,1,208,1
80 DATA 127,1,41,1,44,1,149,1,134,1,83,1,75,1,151,1,134,1
81 DATA 127,1,149,1,148,1,134,1,60,1,134,1,147,1,134,2,58,1
82 DATA 132,1,133,1,46,1,120,1,39,3,88,1,127,1,45,1,44,1
83 DATA 202,1,46,1,39,1,44,1,34,1,44,1,152,1,72,1,148,1
84 DATA 87,1,3,1,101,1,125,1,148,1,35,1,149,1,153,1,234,1
85 DATA 105,1,134,1,34,1,94,1,216,1,132,1,134,1,47,1,149,1
86 DATA 35,1,21,1,148,1,46,1,39,1,127,1,39,1,136,1,175,1
87 DATA 31,1,163,1,243,1,41,1,58,1,39,1,62,1,34,2,127,1
88 DATA 151,1,127,1,46,1,134,1,148,1,133,1,132,1,126,1,132,1
89 DATA 134,1,151,1,75,1,134,1,132,1,133,1,127,1,218,1,47,1
90 DATA 132,1,40,1,107,1,75,1,134,1,148,1,129,1,31,1,137,1
91 DATA 148,1,96,1,127,1,44,1,46,1,127,1,107,2,126,1,127,1
92 DATA 40,1,127,2,151,1,39,1,127,1,134,1,36,1,41,1,134,1
93 DATA 38,1,39,1,202,1,127,1,47,1,134,2,202,1,38,1,39,1
94 DATA 148,1,149,1,148,1,47,1,148,1,133,1,145,1,148,1,127,1
95 DATA 58,1,127,2,46,1,127,3,58,1,46,1,127,1,46,1,40,1
96 DATA 44,1,144,1,151,1,40,1,127,1,88,1,113,1,134,3,19,1
97 DATA 47,1,239,1,46,1,47,1,216,1,148,1,216,1,118,1,46,1
98 DATA 61,1,148,1,134,1,109,1,148,1,62,1,133,1,4,1,46,1
99 DATA 41,1,33,1,41,1,4,1,39,1,46,1,136,1,175,1,31,1
100 DATA 5,1,209,2,115,1,120,1,127,1,92,1,126,1,134,1,149,1
101 DATA 45,1,202,1,5,1,145,2,149,1,60,1,145,1,125,1,134,1
102 DATA 148,1,50,1,99,1,145,1,149,1,134,2,98,1,47,1,46,1
103 DATA 39,2,42,1,4,1,34,1,126,1,46,1,39,1,36,1,202,1
104 DATA 3,1,202,1,128,1,120,1,151,1,127,2,35,1,56,1,37,1
105 DATA 47,1,210,1,212,1,127,1,75,1,43,1,136,1,201,1,132,1
106 DATA 134,1,115,1,134,1,98,1,92,1,86,1,132,1,149,1,81,1
107 DATA 60,2,96,1,123,1,127,1,46,1,127,1,125,1,62,1,46,1
108 DATA 47,1,39,1,46,1,127,2,58,1,152,1,46,1,41,1,98,1
109 DATA 149,1,62,1,88,1,134,1,151,1,127,1,149,1,152,1,92,1
110 DATA 151,1,5,1,148,1,81,1,101,1,147,1,41,1,5,1,39,1
111 DATA 134,1,149,1,133,1,127,2,120,1,125,1,46,1,40,1,46,1
112 DATA 58,1,94,1,127,1,72,1,127,1,62,1,127,1,92,1,153,1
113 DATA 44,1,127,1,6,1,133,1,134,1,133,1,202,1,129,1,127,1
114 DATA 58,1,234,1,127,1,129,1,213,1,134,1,132,1,88,1,35,1
115 DATA 34,1,39,1,150,1,3,1,115,1,38,1,127,1,41,1,96,1
116 DATA 127,1,144,1,136,1,175,2,126,1,46,1,127,1,120,1,39,1
117 DATA 46,1,96,1,40,1,39,1,127,1,134,1,3,1,133,1,146,1
118 DATA 109,1,46,1,127,2,56,1,145,1,127,1,88,1,134,1,133,1
119 DATA 94,1,148,1,46,1,208,1,41,1,209,1,148,1,152,1,243,1
120 DATA 31,3,252,1,137,1,46,1,4,1,44,1,46,3,127,1,58,1
121 DATA 46,1,127,3,132,1,202,1,50,1,134,1,149,1,44,1,127,2
122 DATA 149,1,145,1,46,1,4,1,63,1,47,1,134,1,146,1,9,1
123 DATA 39,1,96,1,148,1,40,1,75,1,46,1,127,1,39,1,136,1
124 DATA 175,1,210,1,31,2,46,1,92,1,127,1,126,1,144,1,132,1
125 DATA 134,1,31,1,151,1,127,1,148,1,132,1,50,1,133,2,127,1
126 DATA 46,1,47,1,195,1,18,1,94,1,83,1,39,1,94,1,148,1
127 DATA 143,1,218,1,127,1,39,1,47,1,48,1,6,1,134,1,148,1
128 DATA 40,1,133,1,86,1,126,1,148,1,148,1,999,999
129 DATA 8,8,9,2,8,2,14,2,0,3,15,1,14,5,12,4,14,3,8,1,9,4
130 DATA 8,1,9,1,8,2,9,2,8,5,9,4,8,1,7,1,14,5,15,1,14,3
131 DATA 15,1,14,1,12,4,9,1,13,2,14,1,9,2,8,6,9,1,7,1,8,3
132 DATA 7,2,9,1,14,9,15,2,12,1,14,2,15,1,14,1,12,4,9,1,15,1
133 DATA 13,1,14,1,8,1,9,2,8,5,9,1,8,1,9,1,14,4,9,1,14,1
134 DATA 9,4,8,1,14,1,15,2,13,1,12,2,14,5,12,3,15,1,14,1,13,1
135 DATA 9,5,8,1,9,1,8,1,9,9,14,1,7,1,9,4,14,1,1,11,12,2
136 DATA 8,1,14,2,8,1,6,1,9,3,8,2,9,1,8,1,9,1,8,1,6,1
137 DATA 9,6,8,1,6,1,9,1,10,1,8,1,14,2,12,1,8,1,1,1,14,3
138 DATA 1,2,12,2,1,1,12,1,1,1,14,1,8,2,6,1,8,3,9,1,7,2
139 DATA 8,1,7,1,8,2,9,6,8,1,6,1,9,1,8,2,14,2,12,3,14,2
140 DATA 8,1,14,1,12,1,10,1,8,2,12,2,1,1,14,1,8,1,7,1,8,6
141 DATA 14,2,9,6,6,1,9,2,7,1,8,1,14,1,8,1,14,2,8,1,12,1
142 DATA 8,1,1,1,14,3,12,1,8,1,12,2,8,1,12,3,14,7,8,2,9,1
143 DATA 8,1,9,1,6,1,9,6,14,1,13,1,8,1,14,3,12,1,8,1,12,1
144 DATA 1,1,15,1,8,1,14,1,12,8,14,1,8,1,9,1,8,1,9,1,8,1
145 DATA 9,1,8,1,9,2,6,2,9,3,8,3,14,1,15,1,13,1,8,3,14,1
146 DATA 12,3,15,2,8,1,14,2,8,1,12,4,8,1,12,1,8,1,9,1,6,6
147 DATA 9,1,6,1,8,1,9,2,14,1,9,2,14,3,15,1,13,2,8,2,14,1
148 DATA 12,3,14,2,8,1,14,2,12,5,8,4,6,8,14,2,9,1,14,1,9,1
149 DATA 8,1,9,2,14,2,15,1,13,1,8,2,14,2,12,1,8,1,14,2,13,1
150 DATA 8,1,14,2,12,1,8,3,12,1,10,1,8,2,6,7,8,1,9,5,6,2
151 DATA 8,1,14,2,15,1,14,1,13,1,8,3,14,1,8,1,0,1,15,1,14,1
152 DATA 13,1,8,2,14,1,8,2,12,1,8,1,10,1,8,1,14,1,6,6,8,1
153 DATA 6,8,8,1,15,2,14,1,15,2,13,1,8,2,14,2,15,1,14,1,15,1
154 DATA 13,2,8,3,12,3,8,2,14,1,6,1,8,1,6,1,7,1,8,1,7,1
155 DATA 8,2,6,6,8,2,14,1,13,1,14,2,15,2,13,1,8,1,14,2,0,1
156 DATA 14,4,13,1,8,1,14,3,12,1,8,1,12,2,8,2,7,2,8,1,14,2
157 DATA 8,1,9,1,6,2,8,1,6,1,8,2,13,2,14,4,15,2,13,2,15,1
158 DATA 14,1,15,2,14,1,15,1,13,1,8,3,14,2,8,2,14,1,8,1,14,1
159 DATA 8,2,9,1,8,3,6,2,8,1,6,3,9,1,13,2,14,1,15,1,14,1
160 DATA 15,4,14,1,15,1,14,5,15,1,13,1,8,2,14,3,12,1,14,1,9,1
161 DATA 6,7,9,1,8,1,9,2,14,3,13,1,14,1,13,1,15,2,14,4,15,1
162 DATA 0,1,14,1,0,1,15,1,14,1,15,1,14,1,15,1,13,1,14,1,8,1
163 DATA 12,2,14,2,6,8,14,4,9,1,8,1,9,1,8,1,14,2,15,2,14,3
164 DATA 15,3,0,1,8,1,14,1,15,2,14,1,15,2,13,1,8,2,14,3,6,3
165 DATA 8,1,6,1,8,1,6,2,9,4,8,2,9,1,8,1,13,1,15,3,14,4
166 DATA 15,1,0,1,15,1,9,1,8,1,15,2,14,3,13,1,8,2,14,3,8,2
167 DATA 9,1,6,5,9,1,8,1,6,1,8,1,9,1,8,1,6,1,8,1,13,1
168 DATA 14,1,15,1,14,2,15,1,13,1,14,1,15,1,0,1,15,1,8,1,14,2
169 DATA 15,1,14,2,15,1,13,2,14,1,8,1,14,2,8,1,9,2,8,1,7,2
170 DATA 8,2,9,2,8,1,9,5,13,1,14,1,15,1,14,2,15,2,14,1,15,2
171 DATA 0,1,8,1,15,1,14,5,13,2,8,1,14,3,8,6,14,2,9,4,8,1
172 DATA 9,2,8,1,14,2,15,1,14,2,15,1,14,2,15,2,0,1,8,1,14,6
173 DATA 15,1,13,2,8,2,14,2,8,1,14,2,8,1,14,3,9,2,8,1,9,3
174 DATA 8,1,9,1,13,1,14,1,15,1,14,4,15,1,14,2,15,1,8,1,14,6
175 DATA 15,1,14,1,13,1,8,1,14,3,15,1,9,1,14,5,999,999
176 DATA 9,8,8,2,9,2,15,5,14,1,8,2,15,2,12,1,8,7,14,1,8,4
177 DATA 9,1,8,1,9,2,8,2,9,5,8,4,7,1,8,1,15,5,14,1,12,2
178 DATA 15,1,14,1,12,1,8,5,14,2,8,3,9,6,8,2,7,3,8,3,9,1
179 DATA 8,1,9,1,8,2,15,4,14,3,12,1,8,1,14,1,8,6,14,2,8,1
180 DATA 9,1,8,2,6,1,9,4,8,1,7,1,8,5,14,1,9,1,8,4,9,1
181 DATA 15,1,14,5,12,1,8,1,15,1,12,1,8,4,14,1,15,1,14,1,8,5
182 DATA 9,1,8,1,6,1,8,15,15,1,14,10,10,1,1,1,8,1,14,1,15,2
183 DATA 9,1,8,4,9,2,8,1,9,1,8,1,9,1,8,7,7,1,8,3,14,1
184 DATA 8,3,14,2,1,3,14,2,8,3,1,1,14,1,8,1,14,1,9,1,8,1
185 DATA 9,2,6,1,8,3,7,1,8,1,9,2,8,6,7,1,8,2,14,2,8,5
186 DATA 1,2,14,1,8,2,12,3,8,4,7,1,8,1,7,5,14,1,8,12,14,1
187 DATA 8,1,14,1,8,2,12,1,8,1,12,1,14,1,15,1,8,3,12,1,8,2
188 DATA 12,1,8,10,14,1,9,1,8,1,6,1,8,9,14,2,8,4,12,1,8,1
189 DATA 14,3,8,10,9,1,8,1,9,1,8,1,9,1,8,1,9,1,8,7,9,4
190 DATA 14,5,8,4,14,3,8,1,12,2,8,4,12,1,8,1,12,1,8,9,9,1
191 DATA 8,2,9,1,14,2,9,2,15,1,14,5,8,4,15,2,14,1,8,7,12,3
192 DATA 9,1,8,8,9,1,8,4,9,1,8,2,15,2,14,4,8,1,12,1,8,1
193 DATA 14,1,15,2,14,2,8,3,12,3,10,1,12,2,14,1,8,7,6,1,8,7
194 DATA 14,1,15,2,14,1,13,1,14,4,8,1,14,1,15,1,14,1,13,1,14,3
195 DATA 8,1,12,2,8,1,12,3,8,7,6,1,8,8,14,3,15,1,14,5,8,1
196 DATA 15,1,0,1,15,1,14,6,8,3,12,2,8,2,6,1,8,2,7,1,8,1
197 DATA 7,2,8,6,6,1,14,1,13,1,14,1,15,2,14,4,8,1,15,5,13,1
198 DATA 14,2,12,1,8,1,12,1,8,1,12,1,8,2,7,2,8,2,14,1,8,2
199 DATA 14,1,8,3,6,1,8,1,6,2,14,2,13,1,15,3,14,4,0,1,15,1
200 DATA 14,2,15,1,14,5,8,1,12,3,8,1,14,1,8,1,9,2,8,1,9,3
201 DATA 8,2,6,1,8,4,14,2,13,1,14,1,15,1,14,4,15,1,0,1,15,5
202 DATA 14,4,8,1,12,2,8,11,9,1,8,2,9,3,14,1,13,1,14,3,15,4
203 DATA 0,1,15,3,14,1,15,1,14,1,15,1,14,2,8,1,14,3,12,1,8,10
204 DATA 9,1,8,3,14,1,8,1,14,1,13,2,14,2,15,3,14,1,0,2,15,3
205 DATA 14,2,15,1,14,5,8,1,12,1,8,4,6,1,8,1,6,1,8,6,9,2
206 DATA 8,1,14,5,15,2,13,1,15,1,0,1,15,1,8,2,15,1,14,2,15,3
207 DATA 14,3,8,3,6,2,8,7,6,1,8,1,9,1,8,1,9,1,8,1,14,2
208 DATA 13,1,14,1,15,2,14,2,15,1,14,1,15,1,0,1,6,1,15,2,14,1
209 DATA 15,2,14,3,8,1,14,1,12,1,8,1,9,1,8,2,6,1,8,2,7,2
210 DATA 8,2,9,1,8,5,14,1,13,1,14,1,15,2,14,2,15,1,14,1,0,1
211 DATA 15,1,9,1,14,1,15,5,14,3,8,3,7,6,8,6,9,1,8,2,9,1
212 DATA 13,2,14,1,15,2,14,1,15,2,14,1,0,1,15,8,14,5,8,2,14,1
213 DATA 8,2,14,1,8,5,9,1,8,3,9,1,8,1,14,1,13,1,14,1,15,4
214 DATA 14,1,15,2,0,1,15,7,14,1,13,1,14,2,8,1,9,2,14,2,15,5,999,999
