1 PRINT CHR$(11)
2 n=0
3 READ out,A
6 if out=999 then goto 12
7 FOR y=1 TO A
8 poke n+12327+y,out
9 NEXT y
10 n=n+A
11 GOTO 3
12 n=0
13 READ C,A
14 IF C=999 THEN GOTO 20
15 FOR y=1 TO A
16 POKE n+13351+y,C*16
17 NEXT y
18 n=n+A
19 GOTO 13
20 n=0
21 READ C,A
22 IF C=999 THEN GOTO 28
23 FOR y=1 TO A
24 POKE n+13351+y,PEEK(n+13351+y)+C
25 NEXT y
26 n=n+A
27 GOTO 21
28 A$=INKEY$: IF A$="" THEN GOTO 28
29 PRINT CHR$(11)
30 DATA 127,1,193,1,120,2,5,1,134,1,3,1,127,1,4,1,92,1
31 DATA 41,1,122,1,134,2,40,1,127,1,120,1,132,1,4,1,146,1
32 DATA 195,1,134,2,120,2,41,1,106,1,133,1,134,2,148,1,134,3
33 DATA 202,1,33,1,52,1,4,1,13,1,46,1,193,1,127,1,96,1
34 DATA 132,1,202,1,134,2,127,1,58,1,94,1,4,1,120,1,81,1
35 DATA 202,1,39,1,46,1,133,1,55,1,39,1,134,1,18,1,5,1
36 DATA 132,1,134,1,56,1,60,1,96,1,120,1,134,1,132,1,148,1
37 DATA 35,1,118,1,47,1,59,1,134,1,120,1,132,1,199,1,203,1
38 DATA 128,1,11,1,99,1,103,1,134,1,56,1,148,1,33,1,46,1
39 DATA 127,1,62,1,52,1,213,1,40,1,58,1,46,1,149,1,92,1
40 DATA 39,1,47,1,151,1,38,1,134,2,35,1,41,1,127,1,39,1
41 DATA 35,1,134,1,34,1,60,1,202,1,62,1,133,1,132,1,58,1
42 DATA 132,1,38,1,131,1,144,1,250,1,149,1,102,1,3,1,126,1
43 DATA 133,1,127,2,96,1,60,1,193,1,209,1,148,1,92,1,101,1
44 DATA 127,1,44,1,34,1,39,1,152,1,26,1,60,1,134,2,132,1
45 DATA 127,1,126,1,149,1,134,1,40,1,148,1,40,1,47,1,74,1
46 DATA 41,1,133,1,40,1,134,1,195,1,243,1,171,1,109,1,211,1
47 DATA 133,1,58,1,60,1,46,1,127,1,46,1,127,1,41,1,119,1
48 DATA 149,1,44,1,40,1,65,1,41,1,38,1,149,1,234,1,195,1
49 DATA 44,1,134,2,216,1,46,1,127,1,134,1,132,1,94,1,120,1
50 DATA 208,1,60,1,133,1,149,1,47,1,62,1,98,1,50,1,34,1
51 DATA 75,1,62,1,5,1,133,1,94,1,44,1,46,1,127,3,46,1
52 DATA 134,2,44,1,47,1,127,1,132,1,115,1,134,1,195,1,152,1
53 DATA 65,1,41,1,134,2,127,1,39,1,127,1,81,1,38,1,134,1
54 DATA 41,1,133,1,39,1,94,1,127,1,46,1,54,1,134,1,145,1
55 DATA 195,1,36,1,97,1,133,1,58,1,46,2,41,1,89,1,137,1
56 DATA 127,1,132,1,133,1,41,1,74,1,123,1,38,1,149,1,134,1
57 DATA 49,1,153,1,127,1,39,1,148,1,65,1,112,1,152,1,46,1
58 DATA 134,2,120,1,47,1,39,2,202,1,46,1,218,1,132,1,133,1
59 DATA 195,1,153,1,127,1,149,1,125,1,34,1,127,3,5,1,60,1
60 DATA 152,1,218,1,134,1,46,1,34,1,4,1,132,1,115,1,134,1
61 DATA 133,1,153,1,209,1,127,1,41,1,47,1,134,1,193,1,234,1
62 DATA 39,1,134,2,39,1,218,1,58,1,39,2,112,1,39,1,134,1
63 DATA 109,1,145,1,127,1,209,1,120,1,127,3,58,1,145,1,58,1
64 DATA 47,1,96,1,148,1,58,1,46,1,133,1,134,1,89,1,35,1
65 DATA 134,1,195,1,120,1,46,1,74,1,120,1,148,1,133,1,150,1
66 DATA 39,1,148,1,202,1,34,1,96,1,44,1,58,1,202,1,134,1
67 DATA 47,1,132,1,192,1,153,1,202,1,134,1,133,1,46,1,127,2
68 DATA 46,1,127,1,140,1,149,1,127,1,59,1,134,1,127,1,134,1
69 DATA 4,1,216,1,218,1,54,1,145,1,23,1,120,1,75,1,127,1
70 DATA 149,1,134,1,153,1,46,1,38,1,75,1,39,1,44,1,58,1
71 DATA 127,2,40,1,47,1,149,1,127,1,152,1,81,1,132,1,96,1
72 DATA 127,3,62,1,127,1,129,1,159,1,77,1,132,1,46,1,202,1
73 DATA 88,1,39,1,47,1,134,1,209,1,129,1,151,1,208,1,38,1
74 DATA 127,1,134,1,118,1,38,2,39,1,75,1,39,1,47,1,34,1
75 DATA 39,1,62,1,208,1,120,1,132,1,127,1,151,1,132,1,134,1
76 DATA 40,1,46,1,127,1,4,1,127,1,195,1,127,1,153,1,62,1
77 DATA 132,1,44,1,216,1,132,1,133,1,53,1,134,1,149,1,151,1
78 DATA 149,1,144,1,101,1,208,1,134,1,132,1,148,1,18,1,202,1
79 DATA 148,1,44,1,58,3,134,3,149,1,193,1,121,1,60,1,133,1
80 DATA 39,1,96,1,46,1,127,2,153,1,127,1,195,1,132,1,40,1
81 DATA 94,1,148,1,149,1,88,1,134,1,133,2,152,1,247,1,134,1
82 DATA 48,1,120,1,134,2,2,1,153,1,127,1,209,1,42,1,44,1
83 DATA 127,1,59,1,134,1,132,1,5,1,134,1,242,1,211,1,134,1
84 DATA 120,1,127,1,46,1,96,1,127,1,47,1,129,1,8,1,195,1
85 DATA 120,1,55,1,148,1,134,1,149,1,148,1,149,1,147,1,8,1
86 DATA 234,1,151,1,35,1,92,1,149,1,38,1,132,1,85,1,195,1
87 DATA 151,1,1,1,62,1,148,1,216,1,41,1,35,1,134,3,127,1
88 DATA 39,1,134,1,118,1,39,2,127,1,44,1,145,1,127,1,93,1
89 DATA 84,1,132,1,149,1,202,1,5,1,149,1,40,1,134,2,120,1
90 DATA 234,1,152,1,109,1,148,1,132,1,134,3,127,1,203,1,94,1
91 DATA 133,1,47,1,41,1,40,1,149,1,3,1,38,1,120,1,235,1
92 DATA 46,1,134,2,40,1,46,2,44,1,234,1,127,3,65,1,148,1
93 DATA 88,1,60,1,132,1,35,1,133,1,209,1,41,1,203,1,152,1
94 DATA 209,1,208,1,60,1,148,2,4,1,39,1,145,1,127,1,118,1
95 DATA 149,1,208,1,134,2,38,1,148,1,216,1,153,1,202,1,134,1
96 DATA 144,1,127,1,39,1,126,1,46,1,129,1,127,2,129,1,107,1
97 DATA 134,1,38,1,208,1,42,1,56,1,148,1,48,1,107,1,203,1
98 DATA 152,1,216,1,149,1,134,1,35,1,134,1,202,1,58,1,195,1
99 DATA 40,1,134,1,25,1,134,1,120,1,51,1,149,1,96,1,34,1
100 DATA 234,1,38,1,118,1,62,1,4,1,44,1,39,1,192,1,127,2
101 DATA 44,1,129,1,133,1,153,1,149,1,35,1,148,1,133,1,53,1
102 DATA 134,1,149,1,203,1,152,1,41,1,34,1,149,1,134,2,67,1
103 DATA 95,1,145,1,44,1,149,1,132,1,88,1,134,2,149,1,40,1
104 DATA 148,1,64,1,41,1,46,2,60,1,62,1,47,1,129,1,127,3
105 DATA 238,1,62,1,199,1,48,1,3,1,35,1,47,1,78,1,39,1
106 DATA 60,1,250,1,199,1,134,1,2,1,5,1,65,1,92,1,150,1
107 DATA 96,1,149,1,46,1,94,1,35,1,75,1,134,2,120,1,127,1
108 DATA 120,1,133,1,38,1,47,1,44,2,47,1,195,1,127,2,215,1
109 DATA 137,1,195,1,145,1,62,1,149,1,134,1,39,1,44,1,35,1
110 DATA 209,1,3,1,145,1,199,2,218,1,134,1,133,1,99,1,46,1
111 DATA 153,1,40,1,58,1,40,1,132,1,149,1,134,1,94,2,92,1
112 DATA 40,1,120,1,218,1,46,1,127,1,46,1,55,1,151,1,127,2
113 DATA 251,1,127,1,145,1,199,1,134,1,253,1,134,2,127,1,41,1
114 DATA 59,1,217,2,152,1,210,1,199,1,3,1,56,1,40,1,39,1
115 DATA 40,1,134,1,120,1,127,1,60,1,5,1,75,1,60,1,218,1
116 DATA 62,1,217,1,24,1,127,1,44,1,127,1,47,1,94,1,127,3
117 DATA 76,1,46,1,127,1,149,1,105,1,1,1,199,1,75,1,134,2
118 DATA 192,2,149,1,133,1,49,1,199,1,210,1,244,1,158,1,192,1
119 DATA 244,1,137,1,31,1,42,1,134,3,148,1,96,1,46,1,144,1
120 DATA 149,1,106,1,41,1,120,1,39,1,153,1,127,2,183,1,127,3
121 DATA 132,1,133,1,41,2,199,1,26,1,217,1,167,1,58,1,127,1
122 DATA 62,1,127,5,145,1,28,1,128,1,171,1,136,1,90,1,128,2
123 DATA 127,1,144,1,167,1,254,1,4,1,44,1,41,1,46,1,39,1
124 DATA 129,1,127,1,183,1,127,3,58,1,41,1,120,1,133,1,4,2
125 DATA 44,1,244,1,4,1,127,1,58,1,127,4,192,1,128,2,55,1
126 DATA 199,1,175,1,149,1,195,1,127,4,59,1,59,1,999,999
127 DATA 15,2,7,1,12,2,14,1,12,1,14,1,12,1,13,1,12,3,14,2,12,1
128 DATA 14,1,8,1,14,2,7,1,14,2,12,5,14,2,12,4,14,4,7,1,13,1
129 DATA 8,1,15,1,7,1,12,1,14,4,12,4,14,4,8,2,14,1,12,1,7,1
130 DATA 14,2,12,5,14,1,12,1,14,8,7,1,14,1,7,1,9,1,12,6,13,1
131 DATA 14,1,12,2,14,4,8,1,14,1,8,1,14,1,8,1,12,1,14,2,12,1
132 DATA 3,1,14,1,12,2,14,10,7,1,15,1,8,1,12,1,14,1,12,2,13,1
133 DATA 14,2,3,2,14,5,12,1,8,3,12,2,14,1,12,2,3,1,14,1,3,1
134 DATA 12,2,14,9,8,2,14,1,12,1,14,1,12,2,13,2,14,1,15,1,14,1
135 DATA 3,1,14,4,8,4,7,1,8,1,14,1,12,3,3,1,14,13,7,2,12,1
136 DATA 14,1,12,1,13,3,14,3,3,1,12,2,14,2,12,1,8,2,12,2,7,1
137 DATA 8,1,14,1,12,2,14,1,15,1,14,3,12,1,14,4,12,1,14,2,12,1
138 DATA 8,1,7,1,12,1,14,1,12,1,3,3,13,1,15,2,14,4,8,5,12,1
139 DATA 7,1,12,1,14,3,12,1,14,1,13,1,12,2,14,9,8,1,7,1,12,1
140 DATA 14,1,12,1,3,1,14,3,15,1,14,1,15,1,3,1,12,1,14,2,8,1
141 DATA 12,4,7,1,8,1,12,1,14,2,12,1,14,2,12,3,14,8,7,1,8,1
142 DATA 12,1,14,1,12,1,14,3,13,1,14,3,13,1,14,2,8,1,12,1,8,1
143 DATA 7,1,12,1,8,1,7,1,8,3,14,2,12,1,15,1,13,1,12,1,14,6
144 DATA 12,1,14,2,7,2,14,1,12,3,14,2,13,1,14,4,3,1,12,2,8,1
145 DATA 7,2,12,2,7,1,12,1,8,2,12,1,14,3,13,1,14,5,12,2,14,3
146 DATA 7,2,14,2,13,1,14,3,15,1,14,1,15,3,12,1,14,1,8,2,7,2
147 DATA 8,1,12,1,8,4,12,1,14,2,3,1,15,1,12,1,14,8,12,1,7,2
148 DATA 14,1,12,1,3,2,14,1,3,1,14,2,7,2,13,1,14,1,8,3,7,1
149 DATA 12,2,8,2,12,1,8,2,14,1,12,1,14,1,12,1,15,1,3,1,14,6
150 DATA 12,2,14,1,8,1,12,1,14,1,3,3,13,1,14,3,7,2,12,1,14,1
151 DATA 8,2,7,1,12,1,8,2,12,1,8,2,12,2,14,1,12,3,14,5,12,1
152 DATA 14,5,8,1,12,1,14,1,3,1,14,1,13,2,14,1,13,1,14,1,8,1
153 DATA 7,1,14,1,8,3,7,2,12,2,8,1,7,2,12,1,14,3,12,2,14,1
154 DATA 15,1,12,1,14,5,12,1,14,2,15,1,8,1,12,3,13,1,14,1,13,1
155 DATA 14,1,7,1,8,1,7,1,12,1,8,1,12,6,8,1,7,2,8,1,12,1
156 DATA 14,1,12,3,14,2,3,1,14,7,12,1,8,1,14,1,12,3,13,3,7,3
157 DATA 8,1,13,1,12,5,8,1,12,1,8,1,7,2,12,1,14,4,12,2,15,1
158 DATA 14,1,12,1,14,2,12,1,14,1,12,3,15,1,14,1,12,1,13,1,14,1
159 DATA 13,3,8,1,7,3,13,1,8,1,12,4,8,2,12,1,7,2,12,1,14,1
160 DATA 12,4,13,1,15,1,13,1,12,1,14,1,12,1,14,1,8,1,12,4,14,1
161 DATA 3,1,12,1,13,3,7,3,8,1,7,1,8,1,14,1,8,1,12,2,8,2
162 DATA 12,2,7,2,14,5,13,2,15,1,13,1,12,1,8,1,14,3,12,2,13,1
163 DATA 12,1,14,1,12,2,13,3,8,1,7,3,8,1,14,1,12,2,8,2,10,1
164 DATA 12,1,14,2,7,1,8,2,14,1,12,3,14,1,13,1,14,1,13,1,12,2
165 DATA 14,3,12,1,14,1,13,1,12,3,13,1,12,1,13,1,14,1,7,2,8,4
166 DATA 12,3,8,2,12,1,14,2,7,2,8,1,14,1,8,1,12,1,13,2,14,2
167 DATA 13,1,12,2,14,2,12,2,13,2,14,1,13,2,14,1,13,2,14,1,7,2
168 DATA 8,3,14,3,8,1,12,2,14,2,8,1,7,2,8,2,14,1,8,1,13,2
169 DATA 14,1,15,1,13,1,14,1,12,1,8,1,12,2,13,1,8,1,14,3,13,1
170 DATA 14,1,13,1,15,1,7,4,10,1,8,1,14,1,8,1,13,1,12,1,14,1
171 DATA 12,2,7,1,8,1,7,4,8,1,7,1,14,1,15,2,8,2,14,6,9,1
172 DATA 14,2,13,4,14,1,7,3,8,3,14,1,8,2,13,2,7,1,8,1,7,2
173 DATA 8,1,7,1,8,7,15,1,8,1,15,1,7,1,8,3,14,1,8,1,15,1
174 DATA 12,1,13,4,14,1,7,2,8,3,14,2,9,2,15,1,13,2,14,1,7,1
175 DATA 8,1,7,1,8,4,15,3,8,1,9,1,15,1,0,2,15,4,0,2,999,999
176 DATA 9,1,8,4,12,1,14,1,12,1,14,5,12,2,14,1,12,4,8,1,12,2
177 DATA 14,5,12,2,14,4,12,3,8,2,14,1,15,1,13,1,8,2,12,4,14,4
178 DATA 12,7,14,1,8,1,12,2,14,5,12,1,14,1,12,8,8,1,12,1,8,1
179 DATA 15,1,8,2,14,5,13,1,14,2,12,8,7,1,8,1,12,2,14,2,3,1
180 DATA 14,2,12,9,8,2,7,2,8,1,12,1,14,3,3,2,14,2,12,5,14,1
181 DATA 12,3,7,1,8,1,12,1,14,3,3,1,14,3,12,9,7,3,8,1,12,1
182 DATA 14,4,13,1,14,1,13,1,14,1,12,11,14,4,13,1,3,1,12,10,8,4
183 DATA 12,1,14,4,13,3,14,3,12,2,8,1,12,2,8,1,7,1,8,1,12,2
184 DATA 14,2,3,1,14,1,3,1,12,2,14,1,12,4,14,1,12,2,14,1,7,1
185 DATA 8,2,12,1,14,7,3,1,12,8,8,2,14,1,12,3,14,1,15,1,14,3
186 DATA 12,9,7,1,8,1,14,1,12,1,14,2,3,2,13,1,14,1,15,1,14,3
187 DATA 12,3,8,5,12,1,10,1,12,2,14,1,15,2,14,3,12,8,8,1,12,1
188 DATA 14,1,12,1,14,1,3,3,14,1,15,3,14,1,12,3,8,1,12,2,8,1
189 DATA 12,1,8,1,12,5,14,4,12,6,14,1,12,2,8,2,12,1,14,3,3,2
190 DATA 14,1,13,1,15,2,13,1,14,2,8,1,12,3,8,4,12,2,14,1,12,2
191 DATA 15,1,14,1,12,5,14,2,12,3,8,2,12,2,14,1,3,1,13,1,3,1
192 DATA 14,1,13,1,7,1,14,3,12,6,8,1,7,1,12,3,14,1,12,2,14,3
193 DATA 12,8,14,1,8,2,12,1,14,3,3,1,14,1,13,2,8,1,14,2,12,5
194 DATA 8,2,12,1,7,1,8,1,12,3,14,1,12,1,14,3,12,6,14,2,12,1
195 DATA 7,1,8,1,12,1,14,4,13,2,7,1,8,2,14,1,12,4,8,1,12,2
196 DATA 8,1,7,1,12,1,8,2,12,1,14,3,15,1,13,1,12,3,14,1,12,5
197 DATA 9,1,8,1,12,1,14,1,12,1,14,2,13,1,14,1,7,2,8,2,12,5
198 DATA 8,2,12,1,8,3,12,3,14,2,15,1,14,2,12,5,14,1,12,2,0,1
199 DATA 12,1,14,4,13,1,14,1,13,1,12,1,7,1,8,1,14,1,12,1,8,6
200 DATA 12,1,8,2,12,1,8,1,12,1,14,3,15,2,14,1,12,7,14,1,15,1
201 DATA 12,1,14,7,7,1,8,1,14,2,8,5,12,1,8,1,12,1,8,3,12,4
202 DATA 14,3,13,1,14,1,12,2,14,1,12,1,14,3,12,2,14,2,12,1,14,3
203 DATA 7,1,8,3,14,1,12,1,8,4,12,2,8,4,12,1,14,8,12,1,14,1
204 DATA 12,1,14,4,8,1,12,1,14,6,7,3,8,1,14,1,8,1,12,1,8,2
205 DATA 12,2,8,5,12,4,14,6,12,3,14,3,8,1,12,1,14,5,7,3,8,1
206 DATA 7,1,8,1,14,1,8,1,12,3,8,1,12,2,8,1,7,1,14,1,8,1
207 DATA 14,3,13,1,14,1,15,1,14,3,8,1,12,2,14,1,12,1,14,1,8,1
208 DATA 14,5,7,6,14,2,8,2,12,2,8,1,12,1,8,3,7,1,8,1,14,4
209 DATA 15,2,14,3,8,1,12,1,14,4,12,1,14,2,13,1,14,2,7,2,8,1
210 DATA 7,3,8,2,13,1,12,1,8,1,14,1,12,1,8,1,7,1,8,2,7,2
211 DATA 8,1,14,3,15,1,14,2,12,1,14,6,8,1,12,1,13,1,14,1,13,1
212 DATA 14,2,8,1,7,1,8,3,14,1,8,1,14,3,12,1,14,2,8,1,7,1
213 DATA 8,4,7,1,8,1,13,1,14,1,8,1,14,2,8,8,12,1,14,4,7,2
214 DATA 8,2,7,1,10,1,14,1,8,1,14,4,8,1,7,1,8,2,7,1,8,1
215 DATA 7,5,15,2,8,1,15,1,8,2,7,2,9,1,8,1,15,1,14,6,7,1
216 DATA 8,2,7,1,10,1,14,1,8,2,14,5,8,2,7,1,8,1,7,1,8,2
217 DATA 9,1,8,1,14,1,8,1,15,1,8,2,15,2,14,1,0,3,15,2,999,999
