200 for c = 1 to 80
400 for r = 1 to 72
425 read x,y 
 
450  pset x,y 
600 rem print chr$(255);
700 next r
800 next c
900 restore

9000REM 
9010Data 24,27,23,28,21,30,20,32,19,34
9020Data 19,37,20,43,21,51,23,57,26,62
9030Data 29,65,32,69,36,69,40,69,45,69
9040Data 49,69,54,69,57,60,59,49,59,38
9050Data 58,31,56,23,54,18,50,14,46,13
9060Data 40,13,34,19,30,27,30,36,31,45
9070Data 35,53,38,59,42,65,49,68,56,67
9080Data 56,67,59,66,59,64,58,59,56,55
9090Data 55,53,54,53,54,52,54,52,52,53
9100Data 51,55,51,55,12,28,12,28,12,28
9110Data 12,28,22,5,22,12,21,19,21,26
9120Data 20,32,20,37,19,41,19,41,19,41
9130Data 19,41,19,41,19,41,19,41,19,41
9140Data 19,41,19,41,17,32,17,32,17,32
9150Data 17,33,17,35,17,39,16,45,17,52
9160Data 18,59,20,67,22,69,22,69,22,69
9170Data 48,69,49,69,51,69,52,69,53,67
9180Data 53,62,53,60,53,58,53,55,53,52
9190Data 53,50,52,47,51,45,49,43,49,42
9200Data 48,42,47,42,45,44,41,49,39,53
9210Data 35,57,33,61,31,62,31,63,30,63
9220Data 30,63,29,63,28,62,26,60,24,58
9230Data 22,54,19,51,17,45,15,40,14,38
9240Data 14,34,13,32,13,30,13,29,13,28
9250Data 13,27,13,26,13,26,13,25,13,25
9260Data 13,25,13,25,13,25,13,25,13,25
9270Data 13,26,12,31,11,33,11,36,10,38
9280Data 10,41,11,44,13,46,14,50,15,54
9290Data 16,57,17,59,18,62,18,65,19,68
9300Data 19,69,18,69,17,69,16,69,16,69
9310Data 16,69,16,69,16,69,16,69,16,69
9320Data 17,69,18,69,21,69,23,69,25,69
9330Data 26,69,26,69,17,17,17,17,17,17
9340Data 16,18,16,19,15,21,14,24,12,27
9350Data 11,30,11,32,11,33,11,33,11,33
9360Data 11,33,11,33,11,33,11,32,10,30
9370Data 10,28,9,25,8,22,8,20,8,20
9380Data 8,19,8,19,8,19,8,19,8,19
9390Data 8,19,8,19,8,19,9,19,12,21
9400Data 16,22,20,24,24,25,29,25,32,25
9410Data 35,24,37,22,38,20,40,18,42,15
9420Data 43,14,44,13,44,13,44,13,46,14
9430Data 47,16,50,20,52,23,53,25,55,27
9440Data 56,29,56,29,56,29,57,29,58,28
9450Data 60,26,62,24,64,22,66,20,67,19
9460Data 67,19,67,19,67,19,67,19,68,21
9470Data 69,23,70,26,70,29,70,34,70,38
9480Data 70,44,70,48,69,52,68,56,67,60
9490Data 66,61,66,62,65,63,65,63,64,63
9500Data 61,63,58,63,53,61,48,60,48,60
9510Data 28,38,28,38,28,38,28,38,28,38
9520Data 28,38,28,38,28,38,28,38,10,20
9530Data 10,20,10,23,9,24,8,27,7,32
9540Data 7,37,6,43,6,50,7,56,8,62
9550Data 10,69,11,69,11,69,12,69,12,69
9560Data 12,69,12,69,12,69,12,69,12,69
9570Data 12,69,12,69,12,69,14,68,16,58
9580Data 17,51,20,45,21,43,21,42,21,42
9590Data 21,42,22,42,23,46,24,50,26,53
9600Data 27,56,29,60,30,64,31,67,33,69
9610Data 35,69,39,69,42,69,46,68,51,63
9620Data 54,57,56,51,58,43,59,37,59,36
9630Data 59,36,59,36,59,36,59,36,60,38
9640Data 62,43,64,47,66,51,67,55,68,57
9650Data 69,58,70,58,70,58,71,58,73,56
9660Data 74,53,76,50,78,44,79,38,79,25
9670Data 77,22,75,18,73,15,69,12,66,11
9680Data 61,10,58,10,54,10,52,11,50,12
9690Data 48,13,47,16,46,20,46,25,46,32
9700Data 47,39,48,47,51,58,54,67,55,69
9710Data 56,69,56,69,56,69,56,69,56,69
9720Data 55,69,53,69,50,69,45,69,38,69
9730Data 31,63,25,55,19,47,15,42,14,38
9740Data 14,38,14,37,15,35,16,33,18,30
9750Data 24,25,29,20,34,15,36,12,39,9
9760Data 39,7,39,6,39,6,39,6,39,6
9770Data 39,4,38,3,23,3,21,6,19,9
9780Data 18,11,18,13,17,14,17,15,17,16
9790Data 17,16,17,16,17,16,16,16,16,16
9800Data 16,16,16,16,15,16,13,14,10,12
9810Data 6,9,4,7,3,7,2,7,2,7
9820Data 2,7,3,40,4,47,7,57,9,65
9830Data 12,69,15,69,17,69,18,69,6,62
9840Data 6,62,6,62,6,62,18,28,18,28
9850Data 17,54,17,54,17,60,17,67,17,69
9860Data 18,69,18,69,18,69,18,69,18,69
9870Data 18,69,18,69,18,69,18,69,18,69
9880Data 18,69,17,69,15,66,13,62,11,58
9890Data 10,55,10,53,10,53,10,53,10,53
9900Data 10,53,10,53,13,54,18,56,23,57
9910Data 27,57,31,57,34,57,37,55,40,54
9920Data 42,52,43,50,45,46,46,42,47,38
9930Data 47,35,48,32,48,31,48,29,48,28
9940Data 48,28,48,27,48,27,48,27,48,27
9950Data 48,27,48,27,48,28,48,30,49,31
9960Data 50,34,53,38,56,42,60,47,62,48
9970Data 64,50,65,50,65,50,33,21,33,21
9980Data 33,21,33,21,33,21,38,46,42,60
9990Data 43,60,43,60,43,61,43,61,47,59
10000Data 47,59,48,57,48,57,48,58,48,60
10010Data 47,63,45,69,43,69,41,69,39,69
10020Data 36,69,33,69,28,69,24,69,21,69
10030Data 18,69,15,61,13,53,13,47,14,43
10040Data 17,40,20,39,26,40,33,46,41,53
10050Data 48,60,53,63,58,66,61,67,63,67
10060Data 66,63,69,58,71,52,73,43,74,35
10070Data 73,26,70,20,66,16,63,13,58,13
10080Data 52,14,45,22,38,35,34,52,35,69
10090Data 40,69,65,69,68,69,70,69,70,61
10100Data 68,54,66,48,62,39,56,33,49,27
10110Data 44,25,40,25,36,25,36,25,20,36
10120Data 20,36,20,36,20,36,20,36,20,36
10130Data 19,58,19,58,19,58,19,58,19,58
10140Data 19,58,19,58,19,58,19,58,19,58
10150Data 20,28,20,28,20,28,20,28,20,28
10160Data 20,28,20,31,20,33,20,37,20,41
10170Data 20,43,20,47,20,48,20,50,20,51
10180Data 20,52,20,53,20,56,20,58,20,60
10190Data 20,61,20,61,20,62,20,62,20,63
10200Data 20,63,20,64,20,64,20,65,20,66
10210Data 20,66,20,66,20,67,20,67,20,67
10220Data 20,67,20,67,20,67,20,67,20,67
10230Data 20,67,20,67,20,67,20,67,20,67
10240Data 20,67,20,67,20,67,20,67,20,67
10250Data 20,67,20,67,20,67,20,67,20,67
10260Data 20,67,20,69,20,69,20,69,20,69
10270Data 20,69,20,69,20,69,20,69,20,69
10280Data 20,69,20,69,20,69,20,69,20,69
10290Data 20,69,20,69,20,69,20,69,20,69
10300Data 20,69,20,69,20,69,20,69,20,69
10310Data 20,69,20,69,20,69,20,69,20,69
10320Data 20,69,20,69,20,69,20,69,20,69
10330Data 20,69,20,69,20,69,20,69,20,69
10340Data 20,67,20,61,20,53,20,46,21,37
10350Data 21,33,21,29,22,26,22,23,22,21
10360Data 22,19,22,18,22,18,22,17,22,17
10370Data 22,17,22,17,22,17,22,17,22,16
10380Data 22,16,22,16,22,16,22,16,22,16
10390Data 22,16,22,16,22,16,22,16,22,16
10400Data 22,16,22,16,22,16,22,16,22,17
10410Data 22,18,21,23,21,31,21,38,21,44
10420Data 22,48,22,51,22,52,22,53,22,54
10430Data 22,54,22,54,22,55,22,55,22,55
10440Data 22,56,22,57,22,60,22,64,22,69
10450Data 22,69,22,69,22,69,22,69,22,69
10460Data 22,69,22,69,22,69,22,69,22,69
10470Data 22,69,22,69,22,69,22,69,22,69
10480Data 22,69,22,69,22,69,22,69,22,69
10490Data 22,69,22,69,22,69,22,69,22,69
10500Data 22,69,22,69,22,69,22,69,22,69
10510Data 22,69,22,69,22,69,22,69,22,69
10520Data 22,69,22,69,22,69,22,69,22,69
10530Data 22,69,23,69,24,69,25,69,26,69
10540Data 26,69,26,69,26,69,26,69,26,69
10550Data 27,69,27,69,28,69,29,69,30,69
10560Data 32,69,34,69,35,69,37,69,38,69
10570Data 40,69,41,69,43,69,44,69,45,69
10580Data 46,69,47,69,48,69,49,69,51,69
10590Data 52,69,53,69,54,69,55,69,57,69
10600Data 59,69,60,69,62,69,63,69,64,69
10610Data 65,69,66,69,66,69,66,69,67,69
10620Data 67,69,67,69,67,69,67,69,67,69
10630Data 67,69,67,69,67,69,67,69,67,69
10640Data 67,69,67,69,67,69,67,68,67,66
10650Data 67,63,66,59,66,55,66,51,65,47
10660Data 65,43,65,39,64,36,64,35,64,32
10670Data 64,30,64,29,64,28,64,27,64,27
10680Data 64,27,64,27,63,27,63,27,63,26
10690Data 63,26,63,26,63,26,63,26,63,26
10700Data 63,26,63,26,63,26,63,26,63,26
10710Data 63,26,63,26,63,26,63,26,63,26
10720Data 63,26,63,26,63,26,63,25,63,25
10730Data 63,25,63,25,63,25,62,25,62,25
10740Data 62,24,62,24,62,24,62,24,62,23
10750Data 61,23,61,22,61,22,60,22,59,21
10760Data 59,21,56,20,54,19,51,18,48,18
10770Data 44,17,42,16,40,16,37,16,35,16
10780Data 32,16,32,16,30,15,29,15,28,15
10790Data 28,15,27,15,26,15,25,15,24,15
10800Data 24,15,24,15,23,15,23,15,23,15
10810Data 23,15,23,15,23,15,23,15,23,15
10820Data 23,15,23,15,23,16,22,16,22,16
10830Data 22,16,22,16,22,16,22,16,22,16
10840Data 22,16,22,16,22,16,22,16,22,16
10850Data 22,16,22,16,22,16,23,16,23,16
10860Data 23,16,38,2,38,2,38,2,38,2
10870Data 38,2,38,2,38,2,38,2,38,2
10880Data 38,2,38,2,37,3,36,3,35,5
10890Data 33,6,33,7,31,7,30,9,30,9
10900Data 29,9,28,9,28,9,28,9,28,9
10910Data 27,10,27,11,26,11,26,12,26,12
10920Data 26,12,25,13,25,14,24,14,24,14
10930Data 23,15,23,16,22,17,22,17,22,17
10940Data 22,17,22,17,22,17,22,18,22,18
10950Data 21,18,21,18,21,18,21,19,21,19
10960Data 21,19,21,19,21,19,21,19,21,19
10970Data 21,19,21,19,21,19,21,19,21,19
10980Data 21,19,21,19,21,19,21,19,21,19
10990Data 21,19,21,19,21,19,21,19,21,19
11000Data 21,19,21,19,21,19,21,19,21,19
11010Data 21,19,21,19,21,19,21,20,21,21
11020Data 21,23,21,25,21,27,21,28,21,30
11030Data 21,30,22,32,22,32,22,32,22,32
11040Data 22,32,22,33,22,33,22,33,22,33
11050Data 22,33,22,33,22,33,22,33,22,33
11060Data 22,33,22,33,22,33,22,33,22,33
11070Data 40,3,40,3,40,3,40,3,40,3
11080Data 40,3,40,3,41,3,41,3,41,3
11090Data 42,3,43,4,44,6,45,8,47,10
11100Data 48,12,49,12,50,14,51,15,52,16
11110Data 53,17,54,19,55,20,57,22,58,24
11120Data 60,25,61,26,61,26,62,27,62,27
11130Data 62,27,62,27,62,27,62,27,62,27
11140Data 63,27,63,27,63,27,63,27,63,27
11150Data 63,27,63,27,63,27,63,27,63,27
11160Data 63,27,63,27,63,27,63,27,63,26
11170Data 63,26,63,24,63,24,63,24,63,23
11180Data 63,23,63,23,63,23,63,23,63,23
11190Data 63,23,63,23,63,22,63,22,63,22
11200Data 63,22,63,22,63,21,63,21,63,21
11210Data 63,21,62,19,62,19,62,19,62,19
11220Data 62,18,62,17,62,16,62,16,62,16
11230Data 62,16,62,16,62,16,62,16,62,16
11240Data 62,15,62,15,62,15,62,15,62,15
11250Data 62,15,62,15,62,15,61,14,60,14
11260Data 60,13,59,13,58,12,57,12,56,11
11270Data 55,11,55,10,53,9,53,8,52,8
11280Data 51,7,51,7,50,7,50,7,50,7
11290Data 49,6,49,6,49,6,49,6,49,6
11300Data 48,6,47,6,47,6,47,6,47,6
11310Data 47,6,47,6,46,6,46,6,46,6
11320Data 46,6,46,6,46,6,46,6,46,6
11330Data 45,6,45,5,45,5,45,5,45,5
11340Data 45,5,45,5,45,5,45,5,45,5
11350Data 45,5,44,5,44,5,44,5,44,5
11360Data 44,5,44,5,44,5,44,5,44,4
11370Data 44,4,43,4,43,4,43,4,43,4
11380Data 43,4,43,4,43,4,43,4,43,4
11390Data 43,4,43,4,43,4,43,4,43,4
11400Data 43,4,43,4,43,4,43,4,43,4
11410Data 43,4,44,4,44,5,45,6,47,7
11420Data 49,9,50,9,52,10,53,11,54,11
11430Data 54,12,54,12,54,12,55,12,55,12
11440Data 56,13,57,13,58,14,58,14,59,15
11450Data 60,16,60,16,61,17,62,17,63,18
11460Data 63,19,64,19,64,19,64,19,64,19
11470Data 64,19,64,19,65,19,65,20,65,20
11480Data 65,20,65,20,65,20,65,20,65,20
11490Data 65,20,65,20,65,20,65,20,37,6
11500Data 37,6,37,6,37,6,37,6,37,6
11510Data 37,6,37,6,36,7,35,8,34,8
11520Data 33,9,32,10,31,11,31,11,30,12
11530Data 30,12,29,12,28,13,28,13,28,13
11540Data 28,13,28,13,27,13,27,13,27,13
11550Data 26,14,26,14,25,14,25,14,24,14
11560Data 24,14,24,14,23,15,23,15,23,15
11570Data 23,15,23,15,23,15,23,15,23,15
11580Data 22,15,22,15,22,15,21,15,21,15
11590Data 21,15,21,15,21,15,21,15,21,15
11600Data 21,15,21,15,20,16,20,16,20,16
11610Data 20,16,19,16,19,16,19,16,19,16
11620Data 19,16,19,16,19,16,19,16,19,17
11630Data 19,17,19,17,18,17,18,17,17,18
11640Data 17,18,17,19,16,19,16,19,16,19
11650Data 16,19,16,19,16,19,16,19,16,19
11660Data 16,19,15,19,15,19,15,19,15,19
11670Data 15,19,15,19,15,19,15,19,15,19
11680Data 15,19,15,19,15,19,15,19,15,19
11690Data 15,19,15,19,15,19,15,20,15,20
11700Data 15,21,16,22,16,25,16,28,16,30
11710Data 16,32,16,34,16,35,17,36,17,37
11720Data 17,39,17,40,17,42,17,43,18,44
11730Data 18,45,18,48,18,49,18,51,18,51
11740Data 18,51,18,52,18,52,18,53,18,54
11750Data 18,55,18,56,18,58,18,59,18,61
11760Data 18,62,17,63,17,64,17,64,17,65
11770Data 17,65,17,67,17,68,17,68,17,69
11780Data 17,69,17,69,17,69,17,69,17,69
11790Data 17,69,17,69,17,69,17,69,17,69
11800Data 17,69,17,69,17,69,17,69,17,69
11810Data 17,69,17,69,17,69,17,69,17,69
11820Data 17,69,17,69,17,69,17,69,17,69
11830Data 17,69,17,69,17,69,17,69,17,69
11840Data 17,69,17,69,17,69,17,69,17,69
11850Data 17,69,17,69,17,69,17,69,17,69
11860Data 17,69,17,69,17,69,17,69,17,69
11870Data 17,69,17,69,18,69,18,69,18,69
11880Data 18,69,18,69,18,69,18,69,18,69
11890Data 18,69,18,69,18,69,18,69,18,69
11900Data 18,69,18,69,18,69,18,69,18,69
11910Data 18,69,18,69,18,69,18,69,18,69
11920Data 18,69,18,69,18,69,18,69,18,69
11930Data 18,69,18,69,17,69,17,69,17,69
11940Data 17,69,17,69,17,69,17,69,17,69
11950Data 17,69,17,69,17,69,17,69,17,69
11960Data 17,69,17,69,17,69,17,69,17,69
11970Data 17,69,17,69,17,69,17,69,17,69
11980Data 17,69,17,69,17,69,17,69,17,69
11990Data 17,69,17,69,17,69,17,69,17,69
12000Data 18,69,18,69,18,69,19,69,19,67
12010Data 20,67,20,66,20,66,20,65,20,65
12020Data 20,65,20,65,20,65,20,65,20,64
12030Data 20,64,20,64,19,62,19,62,19,61
12040Data 19,60,19,58,18,57,18,57,18,56
12050Data 18,55,18,54,18,53,18,52,18,51
12060Data 18,51,18,50,18,50,18,49,18,49
12070Data 18,49,18,49,18,48,18,48,18,47
12080Data 18,46,18,46,18,45,18,43,18,41
12090Data 18,39,18,37,18,35,18,32,18,29
12100Data 18,26,18,23,18,20,18,18,18,17
12110Data 18,17,18,17,18,17,18,17,18,17
12120Data 18,17,18,17,18,17,18,17,18,17
12130Data 18,17,18,17,18,17,18,17,18,17
12140Data 18,19,18,20,18,22,18,25,18,30
12150Data 18,35,18,39,18,44,18,48,18,52
12160Data 18,57,18,63,18,69,19,69,19,69
12170Data 19,69,19,69,19,69,19,69,19,69
12180Data 19,69,19,69,19,69,19,69,19,69
12190Data 19,69,19,69,19,69,19,69,53,12
12200Data 53,12,53,12,53,13,53,13,53,13
12210Data 54,14,54,15,54,16,55,16,55,16
12220Data 55,17,56,17,56,18,57,18,58,19
12230Data 58,19,59,20,60,21,61,21,62,22
12240Data 62,22,62,22,63,22,63,23,63,23
12250Data 63,23,63,23,63,23,63,23,63,24
12260Data 63,24,63,24,63,24,63,24,63,25
12270Data 63,25,22,25,23,25,24,25,26,25
12280Data 29,24,31,23,34,23,37,23,39,23
12290Data 42,24,45,25,47,25,50,26,52,27
12300Data 54,27,55,27,57,27,57,27,57,27
12310Data 57,27,58,27,58,27,58,27,58,27
12320Data 58,27,58,27,58,27,59,27,59,27
12330Data 59,27,59,27,59,27,59,27,60,27
12340Data 60,27,60,27,60,27,60,27,60,27
12350Data 60,27,60,27,61,27,61,27,61,27
12360Data 61,27,61,27,61,27,61,27,61,27
12370Data 61,27,61,27,61,27,61,27,61,27
12380Data 61,26,61,26,61,26,61,26,61,26
12390Data 60,26,60,25,59,25,57,25,55,24
12400Data 54,24,51,24,50,24,47,24,46,24
12410Data 43,24,43,24,42,25,40,25,39,25
12420Data 38,25,37,25,36,25,36,25,36,25
12430Data 35,25,35,25,34,25,34,25,33,25
12440Data 33,25,33,25,32,25,32,25,32,25
12450Data 31,25,30,25,30,25,30,25,29,25
12460Data 29,25,29,25,29,25,29,25,29,25
12470Data 29,25,28,25,28,25,28,25,28,25
12480Data 28,25,28,24,28,24,28,24,28,24
12490Data 27,22,27,22,27,22,27,22,27,22
12500Data 27,22,27,22,26,22,26,21,26,21
12510Data 26,21,26,21,26,21,26,21,26,20
12520Data 26,20,26,19,26,19,25,19,25,18
12530Data 25,18,25,18,25,18,25,17,25,17
12540Data 25,17,25,17,25,17,24,17,24,17
12550Data 24,17,24,17,23,17,23,17,23,17
12560Data 23,17,22,18,22,19,21,20,21,21
12570Data 21,22,21,22,21,22,21,22,21,22
12580Data 21,22,22,22,22,23,23,23,23,23
12590Data 25,23,27,22,28,22,28,22,28,22
12600Data 28,22,28,22,28,22,28,22,28,22
12610Data 28,22,28,22,28,22,30,22,31,21
12620Data 33,21,35,21,36,21,37,21,39,21
12630Data 40,21,43,21,44,21,45,21,47,21
12640Data 49,21,49,21,51,21,53,21,54,21
12650Data 56,21,57,21,57,21,57,21,58,21
12660Data 58,21,58,21,58,21,58,21,58,21
12670Data 58,21,58,21,58,21,58,21,58,21
12680Data 57,20,57,20,56,19,54,19,51,18
12690Data 48,16,45,16,43,15,40,15,39,15
12700Data 38,15,38,15,37,15,35,16,34,17
12710Data 32,18,31,19,31,19,30,20,30,20
12720Data 29,21,29,21,29,21,29,21,29,21
12730Data 29,21,28,21,28,21,28,21,28,21
12740Data 28,21,28,21,28,21,28