5 print chr$(11)
50 read N
100 for i = 1 to N
120 read D
130 A=12288+D
140 read C
150 poke A,C
160 next i
9780 Data 141
9785 Data 389,127
9790 Data 390,127,391,127,392,127,393
9795 Data 127,394,127,429,127,434,127
9800 Data 441,127,442,127,443,127,444
9805 Data 127,445,127,446,127,447,127
9810 Data 449,127,450,127,451,127,452
9815 Data 127,453,127,454,127,455,127
9820 Data 457,127,458,127,459,127,460
9825 Data 127,461,127,462,127,463,127
9830 Data 464,127,469,127,474,127,481
9835 Data 127,487,127,489,127,495,127
9840 Data 497,127,504,127,505,127,509
9845 Data 127,515,127,521,127,524,127
9850 Data 526,127,527,127,529,127,531
9855 Data 127,533,127,535,127,537,127
9860 Data 539,127,541,127,545,127,549
9865 Data 127,551,127,553,127,555,127
9870 Data 561,127,567,127,569,127,575
9875 Data 127,577,127,585,127,588,127
9880 Data 589,127,595,127,601,127,607
9885 Data 127,609,127,615,127,617,127
9890 Data 625,127,628,127,629,127,635
9895 Data 127,641,127,644,127,645,127
9900 Data 647,127,649,127,652,127,653
9905 Data 127,655,127,657,127,659,127
9910 Data 660,127,665,127,669,127,675
9915 Data 127,681,127,687,127,689,127
9920 Data 695,127,697,127,705,127,709
9925 Data 127,711,127,712,127,713,127
9930 Data 715,127,721,127,722,127,723
9935 Data 127,724,127,725,127,726,127
9940 Data 727,127,729,127,730,127,731
9945 Data 127,732,127,733,127,734,127
9950 Data 735,127,737,127,745,127,749
9955 Data 127,755,127,777,127,778,127
9960 Data 779,127,780,127,781,127,782
9965 Data 127,783,127,784,127,785,127
9970 Data 789,127,792,127,795,127,829
9975 Data 127,835,127,869,127,875,127
9980 Data 909,127,910,127,911,127,912
9985 Data 127,913,127,914,127,915,127
